2 0.398047 0.446528 0.124219 0.176389
2 0.301563 0.481944 0.165625 0.213889
2 0.175000 0.527778 0.196875 0.263889
2 0.289453 0.345833 0.119531 0.147222
2 0.175391 0.362500 0.139844 0.163889
0 0.434766 0.202778 0.035156 0.022222
2 0.496484 0.329861 0.122656 0.098611
2 0.493359 0.431250 0.178906 0.245833
2 0.585156 0.482639 0.145313 0.220833
2 0.650391 0.455556 0.128906 0.197222
2 0.378516 0.568750 0.205469 0.304167
2 0.073438 0.447917 0.146875 0.190278
2 0.016797 0.461806 0.033594 0.184722
2 0.883984 0.590278 0.178906 0.308333
2 0.808984 0.666667 0.230469 0.380556
2 0.893750 0.330556 0.175000 0.275000
2 0.821484 0.356250 0.222656 0.337500
2 0.577344 0.435417 0.121875 0.170833
2 0.494922 0.468750 0.142969 0.201389
2 0.493359 0.290278 0.149219 0.180556
2 0.392188 0.496528 0.164062 0.226389
2 0.271875 0.547222 0.201563 0.283333
1 0.967578 0.702083 0.063281 0.093056
1 0.968359 0.651389 0.061719 0.069444
