1 0.172656 0.615972 0.026562 0.020833
2 0.335938 0.497222 0.137500 0.169444
3 0.352344 0.513889 0.296875 0.438889
1 0.000391 0.690278 0.000781 0.002778
2 0.833203 0.897917 0.332031 0.201389
2 0.578516 0.840972 0.397656 0.315278
2 0.375781 0.806250 0.293750 0.373611
2 0.116797 0.787500 0.233594 0.422222
2 0.389844 0.538889 0.779687 0.919444
2 0.003906 0.770139 0.007812 0.087500
2 0.941406 0.754861 0.115625 0.337500
2 0.822266 0.718750 0.246094 0.331944
2 0.507031 0.944444 0.275000 0.108333
2 0.362500 0.865972 0.401562 0.265278
2 0.239453 0.819444 0.158594 0.325000
