1 0.259766 0.303472 0.519531 0.181944
1 0.258203 0.414583 0.516406 0.145833
1 0.265234 0.531250 0.530469 0.134722
2 0.917188 0.330556 0.164062 0.661111
1 0.761328 0.576389 0.158594 0.030556
4 0.761719 0.534028 0.156250 0.043056
4 0.761719 0.493056 0.156250 0.044444
4 0.761719 0.455556 0.156250 0.050000
2 0.152734 0.495833 0.013281 0.152778
2 0.191797 0.235417 0.161719 0.190278
2 0.277344 0.170833 0.189062 0.194444
1 0.148047 0.572917 0.003906 0.001389
5 0.646875 0.494444 0.092188 0.186111
0 0.985547 0.270833 0.017969 0.025000
0 0.987891 0.502083 0.016406 0.034722
