1 0.810156 0.731250 0.135937 0.054167
4 0.813281 0.699306 0.135937 0.059722
4 0.813672 0.665278 0.135156 0.055556
4 0.814063 0.626389 0.135937 0.069444
2 0.073047 0.771528 0.146094 0.337500
2 0.004687 0.903472 0.006250 0.006944
2 0.161719 0.875694 0.246875 0.245833
1 0.258594 0.704167 0.142187 0.055556
2 0.361719 0.744444 0.170313 0.238889
2 0.491797 0.784722 0.188281 0.286111
2 0.362500 0.550000 0.168750 0.227778
2 0.001953 0.919444 0.003906 0.158333
2 0.068750 0.901389 0.137500 0.194444
1 0.366406 0.734028 0.126562 0.070833
1 0.296875 0.720833 0.131250 0.055556
1 0.684375 0.729167 0.048438 0.047222
5 0.691797 0.617361 0.077344 0.170833
1 0.579297 0.743056 0.161719 0.072222
1 0.579688 0.715972 0.171875 0.068056
