3 0.228906 0.816667 0.457813 0.363889
1 0.942969 0.917361 0.112500 0.162500
1 0.777734 0.499306 0.124219 0.045833
4 0.780078 0.470833 0.117969 0.047222
4 0.780859 0.441667 0.117969 0.044444
4 0.781641 0.407639 0.117969 0.056944
2 0.017969 0.719444 0.035937 0.269444
2 0.091016 0.801389 0.182031 0.394444
2 0.164844 0.525000 0.204687 0.272222
2 0.066016 0.572222 0.132031 0.252778
2 0.020703 0.525000 0.041406 0.163889
2 0.298438 0.651389 0.217188 0.280556
1 0.282813 0.485417 0.100000 0.045833
2 0.405859 0.507639 0.152344 0.215278
2 0.531641 0.539583 0.166406 0.237500
2 0.017578 0.604861 0.035156 0.220833
2 0.012891 0.395139 0.025781 0.223611
2 0.078906 0.674306 0.157812 0.329167
2 0.189453 0.710417 0.242969 0.318056
1 0.327734 0.522222 0.008594 0.013889
1 0.291797 0.511111 0.063281 0.030556
5 0.685156 0.406944 0.034375 0.155556
0 0.992188 0.391667 0.014063 0.063889
1 0.596484 0.506250 0.142969 0.056944
1 0.596875 0.483333 0.142187 0.050000
