2 0.888672 0.909028 0.221094 0.179167
1 0.585938 0.487500 0.151562 0.083333
2 0.046484 0.516667 0.092969 0.275000
2 0.107422 0.570139 0.214844 0.348611
2 0.042969 0.271528 0.085938 0.245833
1 0.071484 0.411806 0.142969 0.079167
1 0.072266 0.446528 0.144531 0.073611
1 0.073438 0.474306 0.145313 0.079167
1 0.073828 0.503472 0.142969 0.081944
1 0.419531 0.504167 0.157812 0.066667
5 0.502344 0.383333 0.007812 0.138889
0 0.892188 0.149306 0.054688 0.054167
0 0.888281 0.265972 0.054688 0.070833
0 0.832812 0.262500 0.060937 0.063889
0 0.827344 0.481944 0.059375 0.066667
1 0.247656 0.515972 0.185938 0.087500
3 0.994922 0.684722 0.008594 0.011111
1 0.247266 0.484722 0.199219 0.083333
