1 0.042578 0.388889 0.085156 0.041667
2 0.236328 0.242361 0.000781 0.015278
3 0.298438 0.345833 0.226562 0.222222
2 0.600391 0.608333 0.797656 0.780556
2 0.272656 0.593750 0.465625 0.723611
2 0.140625 0.478472 0.281250 0.490278
2 0.946875 0.607639 0.104688 0.781944
2 0.894141 0.440278 0.210156 0.413889
2 0.751953 0.384722 0.253906 0.305556
2 0.414844 0.525694 0.829688 0.945833
2 0.235156 0.613194 0.470313 0.770833
2 0.807813 0.109722 0.382812 0.219444
2 0.225781 0.043750 0.451562 0.087500
2 0.044141 0.456250 0.088281 0.445833
