1 0.499609 0.772917 0.999219 0.443056
1 0.973047 0.554861 0.052344 0.026389
4 0.968359 0.511806 0.061719 0.051389
4 0.905859 0.461111 0.186719 0.050000
4 0.905859 0.416667 0.186719 0.058333
1 0.151172 0.457639 0.158594 0.043056
2 0.236328 0.436806 0.191406 0.256944
2 0.343750 0.414583 0.250000 0.295833
2 0.348828 0.163194 0.238281 0.326389
1 0.324609 0.543056 0.138281 0.016667
1 0.189453 0.562500 0.022656 0.002778
1 0.658203 0.538194 0.188281 0.037500
5 0.766016 0.455556 0.092969 0.205556
1 0.512500 0.448611 0.226562 0.052778
1 0.512109 0.404861 0.214844 0.056944
