1 0.928125 0.798611 0.142187 0.100000
2 0.162891 0.873611 0.235156 0.250000
2 0.070312 0.914583 0.140625 0.168056
2 0.025000 0.911111 0.050000 0.127778
2 0.073438 0.724306 0.146875 0.318056
2 0.023047 0.666667 0.046094 0.208333
2 0.268359 0.968750 0.153906 0.059722
1 0.337891 0.795833 0.105469 0.072222
2 0.475781 0.861111 0.176563 0.261111
2 0.619531 0.895139 0.204687 0.206944
2 0.475000 0.652083 0.182812 0.268056
2 0.623047 0.706250 0.203906 0.306944
2 0.005078 0.943750 0.010156 0.109722
2 0.059375 0.956944 0.118750 0.083333
1 0.358594 0.808333 0.043750 0.025000
1 0.824219 0.825694 0.067187 0.059722
5 0.798438 0.650000 0.079687 0.138889
1 0.703906 0.867361 0.175000 0.087500
1 0.704297 0.843750 0.174219 0.070833
