2 0.775391 0.725000 0.144531 0.125000
2 0.910547 0.741667 0.158594 0.152778
3 0.973437 0.965278 0.051562 0.041667
1 0.780078 0.790972 0.157031 0.026389
1 0.770703 0.852083 0.175781 0.045833
1 0.771094 0.881944 0.176563 0.063889
1 0.520312 0.845833 0.165625 0.061111
2 0.480859 0.747222 0.128906 0.169444
0 0.391797 0.558333 0.033594 0.008333
0 0.340625 0.618056 0.020313 0.008333
2 0.182422 0.880556 0.364844 0.236111
2 0.421875 0.862500 0.354687 0.272222
2 0.499609 0.499306 0.999219 0.998611
2 0.008203 0.586806 0.016406 0.009722
2 0.216016 0.844444 0.113281 0.275000
2 0.080859 0.781944 0.161719 0.433333
2 0.302344 0.777083 0.250000 0.426389
3 0.230078 0.627778 0.102344 0.233333
