2 0.892969 0.879861 0.212500 0.237500
1 0.272656 0.709722 0.118750 0.047222
4 0.275000 0.678472 0.117188 0.054167
4 0.274609 0.647917 0.117969 0.051389
4 0.274219 0.618056 0.118750 0.052778
2 0.075781 0.845139 0.151562 0.279167
1 0.019141 0.720139 0.003906 0.004167
5 0.151953 0.586806 0.058594 0.084722
0 0.515625 0.425694 0.026562 0.034722
0 0.515625 0.511111 0.023438 0.030556
0 0.476562 0.511111 0.034375 0.027778
0 0.478125 0.661806 0.034375 0.029167
1 0.171094 0.777778 0.043750 0.066667
3 0.754687 0.589583 0.268750 0.356944
1 0.173047 0.744444 0.049219 0.072222
