2 0.608984 0.689583 0.155469 0.215278
2 0.741797 0.677083 0.157031 0.206944
1 0.912891 0.683333 0.150781 0.052778
1 0.912891 0.713889 0.158594 0.050000
1 0.911328 0.740278 0.150781 0.044444
1 0.922266 0.812500 0.153906 0.108333
1 0.921875 0.848611 0.154688 0.113889
1 0.921484 0.887500 0.155469 0.116667
1 0.674609 0.862500 0.230469 0.127778
1 0.681250 0.918750 0.217188 0.098611
1 0.682813 0.954167 0.198437 0.088889
2 0.377734 0.799306 0.141406 0.306944
0 0.005078 0.484028 0.010156 0.023611
2 0.928906 0.986111 0.140625 0.025000
