3 0.005078 0.191667 0.010156 0.383333
2 0.427734 0.820833 0.136719 0.233333
2 0.459766 0.841667 0.166406 0.283333
2 0.512500 0.845833 0.198437 0.305556
2 0.052734 0.720833 0.105469 0.202778
2 0.042188 0.718750 0.084375 0.251389
0 0.244141 0.541667 0.041406 0.025000
2 0.406641 0.720833 0.105469 0.194444
2 0.749609 0.720139 0.164844 0.259722
2 0.678125 0.885417 0.134375 0.073611
2 0.591797 0.852083 0.078906 0.056944
2 0.661719 0.553472 0.143750 0.112500
2 0.611328 0.567361 0.119531 0.079167
2 0.848437 0.847222 0.248438 0.302778
2 0.014844 0.835417 0.029687 0.265278
1 0.950000 0.802778 0.096875 0.036111
1 0.946484 0.740972 0.100781 0.031944
1 0.947266 0.772222 0.100781 0.036111
2 0.995703 0.797222 0.007031 0.180556
2 0.510547 0.804167 0.100781 0.177778
2 0.549219 0.819444 0.145313 0.213889
2 0.552344 0.603472 0.134375 0.223611
2 0.608984 0.720139 0.164844 0.268056
2 0.681250 0.719444 0.226562 0.336111
1 0.979688 0.874306 0.039062 0.031944
1 0.977734 0.823611 0.036719 0.002778
1 0.977734 0.842361 0.039844 0.018056
