3 0.067578 0.592361 0.102344 0.204167
2 0.679297 0.719444 0.078906 0.083333
2 0.347266 0.789583 0.161719 0.220833
2 0.847266 0.634028 0.135156 0.076389
2 0.672656 0.677083 0.120313 0.162500
0 0.974219 0.490278 0.037500 0.027778
2 0.917969 0.629861 0.162500 0.087500
2 0.511328 0.672917 0.202344 0.181944
2 0.689844 0.727778 0.059375 0.069444
2 0.769141 0.569444 0.219531 0.286111
2 0.302344 0.834028 0.201563 0.287500
2 0.408984 0.684722 0.038281 0.044444
2 0.497266 0.868056 0.358594 0.261111
2 0.254688 0.868056 0.104688 0.261111
2 0.684766 0.723611 0.071094 0.077778
2 0.519531 0.646528 0.168750 0.123611
2 0.321484 0.707639 0.191406 0.243056
1 0.107813 0.956944 0.215625 0.083333
