1 0.795703 0.997222 0.000781 0.002778
1 0.896484 0.949306 0.205469 0.098611
1 0.743750 0.890972 0.215625 0.215278
2 0.907031 0.609028 0.184375 0.337500
0 0.972266 0.237500 0.044531 0.058333
1 0.230469 0.411806 0.107813 0.051389
4 0.232031 0.377778 0.107813 0.058333
4 0.230469 0.344444 0.109375 0.055556
4 0.228906 0.312500 0.110937 0.055556
2 0.053906 0.562500 0.107813 0.308333
1 0.161719 0.450000 0.034375 0.061111
0 0.483984 0.096528 0.032031 0.037500
0 0.483984 0.180556 0.024219 0.052778
0 0.441797 0.181944 0.038281 0.047222
0 0.445312 0.347222 0.037500 0.047222
1 0.072656 0.487500 0.145313 0.075000
3 0.740625 0.267361 0.285938 0.381944
1 0.074609 0.449306 0.149219 0.081944
