1 0.598437 0.195139 0.012500 0.040278
2 0.478906 0.768750 0.396875 0.459722
2 0.839063 0.750694 0.320312 0.495833
2 0.091406 0.692361 0.182812 0.612500
2 0.708594 0.367361 0.287500 0.373611
2 0.413281 0.547917 0.243750 0.112500
2 0.128906 0.559028 0.257812 0.423611
2 0.398438 0.204861 0.279687 0.370833
2 0.898828 0.504861 0.124219 0.362500
1 0.364063 0.288194 0.117188 0.009722
1 0.364453 0.248611 0.164844 0.047222
1 0.364844 0.271528 0.164062 0.045833
2 0.550000 0.280556 0.179688 0.236111
2 0.732812 0.193056 0.187500 0.077778
2 0.103906 0.697917 0.207813 0.506944
2 0.433203 0.583333 0.316406 0.177778
2 0.096094 0.319444 0.192188 0.505556
2 0.427344 0.305556 0.339062 0.502778
2 0.787891 0.482639 0.352344 0.481944
2 0.948047 0.456250 0.102344 0.448611
1 0.231641 0.345139 0.074219 0.079167
1 0.228906 0.301389 0.075000 0.033333
1 0.230078 0.320139 0.074219 0.068056
1 0.482031 0.234722 0.071875 0.038889
5 0.503906 0.108333 0.046875 0.055556
0 0.857031 0.002083 0.031250 0.004167
0 0.822266 0.002778 0.038281 0.005556
0 0.816797 0.136806 0.038281 0.026389
1 0.668359 0.209028 0.114844 0.009722
3 0.975000 0.187500 0.048438 0.033333
1 0.684375 0.194444 0.164062 0.038889
