1 0.692187 0.671528 0.153125 0.079167
4 0.693750 0.636111 0.151562 0.086111
4 0.694922 0.599306 0.152344 0.079167
4 0.695703 0.550694 0.152344 0.101389
1 0.057813 0.631944 0.115625 0.061111
2 0.113672 0.694444 0.167969 0.280556
2 0.214453 0.785417 0.205469 0.329167
2 0.111328 0.470833 0.183594 0.283333
2 0.207031 0.530556 0.210938 0.330556
1 0.144922 0.662500 0.077344 0.069444
1 0.096484 0.638194 0.032031 0.029167
1 0.448828 0.590278 0.003906 0.027778
5 0.580859 0.519444 0.092969 0.208333
0 0.994141 0.363889 0.010156 0.055556
0 0.987891 0.494444 0.022656 0.052778
0 0.947656 0.480556 0.064062 0.055556
0 0.939453 0.700000 0.063281 0.063889
1 0.354297 0.718750 0.175781 0.087500
1 0.354687 0.688194 0.187500 0.087500
