1 0.598437 0.670833 0.006250 0.030556
2 0.273438 0.979167 0.546875 0.038889
2 0.835938 0.966667 0.326562 0.063889
2 0.728516 0.763889 0.400781 0.469444
2 0.267578 0.935417 0.385156 0.104167
2 0.040234 0.968056 0.078906 0.047222
2 0.932813 0.849306 0.132812 0.287500
2 0.578516 0.732639 0.142969 0.276389
2 0.769141 0.687500 0.230469 0.197222
2 0.579297 0.479167 0.144531 0.286111
2 0.770312 0.478472 0.232813 0.284722
2 0.255859 0.937500 0.511719 0.108333
2 0.255078 0.602778 0.510156 0.750000
2 0.783984 0.891667 0.430469 0.213889
1 0.516406 0.707639 0.015625 0.031944
5 0.526563 0.600000 0.039062 0.188889
0 0.910156 0.363889 0.028125 0.033333
0 0.909766 0.444444 0.035156 0.044444
0 0.871094 0.444444 0.045312 0.044444
0 0.871094 0.606250 0.043750 0.045833
1 0.726562 0.688194 0.156250 0.062500
1 0.714844 0.652083 0.192188 0.059722
