2 0.060937 0.745833 0.121875 0.280556
2 0.124219 0.684722 0.162500 0.233333
2 0.119531 0.504861 0.164062 0.218056
1 0.248438 0.662500 0.121875 0.069444
1 0.248828 0.689583 0.121094 0.068056
2 0.465625 0.529861 0.126562 0.170833
3 0.590234 0.552778 0.136719 0.400000
1 0.432422 0.795139 0.177344 0.106944
1 0.342969 0.911806 0.184375 0.159722
1 0.343750 0.934722 0.184375 0.127778
2 0.055078 0.900000 0.110156 0.197222
2 0.948047 0.770139 0.021094 0.262500
2 0.978906 0.871528 0.040625 0.254167
2 0.964063 0.631250 0.070312 0.187500
2 0.973047 0.730556 0.052344 0.291667
