1 0.935937 0.950000 0.085938 0.097222
1 0.814453 0.696528 0.136719 0.043056
2 0.064453 0.586111 0.125781 0.247222
2 0.025781 0.755556 0.010937 0.033333
2 0.123047 0.727778 0.217969 0.316667
1 0.265234 0.636806 0.132031 0.034722
1 0.265234 0.581250 0.132031 0.031944
1 0.265234 0.609028 0.132031 0.034722
2 0.356250 0.654861 0.156250 0.206944
2 0.467969 0.672222 0.178125 0.233333
2 0.041016 0.607639 0.082031 0.318056
1 0.343359 0.617361 0.075781 0.034722
1 0.343359 0.647917 0.075781 0.031944
1 0.341797 0.674306 0.075781 0.029167
1 0.341797 0.695139 0.075781 0.023611
1 0.275781 0.690278 0.056250 0.030556
1 0.310937 0.643056 0.123438 0.022222
1 0.310156 0.666667 0.125000 0.025000
1 0.665625 0.690972 0.137500 0.037500
5 0.700781 0.629167 0.060937 0.127778
1 0.598828 0.656944 0.083594 0.038889
1 0.601562 0.625000 0.089063 0.038889
