2 0.346875 0.772917 0.221875 0.301389
2 0.170313 0.677778 0.023438 0.013889
2 0.450781 0.526389 0.175000 0.238889
2 0.215625 0.552083 0.193750 0.268056
0 0.647266 0.307639 0.055469 0.040278
2 0.657813 0.619444 0.270313 0.308333
2 0.176953 0.813889 0.353906 0.369444
2 0.585547 0.909722 0.430469 0.177778
2 0.860938 0.850000 0.276562 0.297222
2 0.592578 0.620833 0.447656 0.555556
2 0.059375 0.616667 0.118750 0.183333
2 0.527344 0.879167 0.943750 0.238889
2 0.776172 0.815972 0.321094 0.365278
2 0.380859 0.862500 0.060156 0.122222
2 0.468750 0.568056 0.359375 0.475000
2 0.131641 0.634722 0.263281 0.144444
