2 0.285938 0.828472 0.229687 0.340278
2 0.091797 0.858333 0.183594 0.280556
2 0.277344 0.561111 0.164062 0.222222
2 0.086328 0.603472 0.172656 0.256944
0 0.459766 0.377083 0.047656 0.037500
2 0.206641 0.849306 0.382031 0.298611
2 0.505469 0.903472 0.301563 0.190278
2 0.691016 0.844444 0.260156 0.308333
2 0.506250 0.684028 0.307812 0.451389
2 0.000781 0.779861 0.001563 0.087500
2 0.796094 0.848611 0.406250 0.300000
2 0.594531 0.834722 0.226562 0.327778
2 0.389062 0.879167 0.268750 0.238889
2 0.595313 0.547917 0.231250 0.276389
2 0.387891 0.626389 0.275781 0.383333
2 0.141797 0.886806 0.283594 0.223611
