2 0.174219 0.499306 0.348438 0.998611
1 0.541406 0.936111 0.412500 0.125000
2 0.414844 0.582639 0.118750 0.220833
2 0.423438 0.665972 0.101562 0.187500
2 0.430859 0.658333 0.086719 0.166667
2 0.426563 0.500000 0.081250 0.166667
2 0.398047 0.690278 0.124219 0.263889
1 0.690234 0.659722 0.021094 0.030556
2 0.708984 0.571528 0.002344 0.001389
2 0.879687 0.674306 0.071875 0.229167
2 0.359766 0.659028 0.047656 0.156944
2 0.353125 0.665972 0.034375 0.181944
2 0.360547 0.488889 0.047656 0.138889
2 0.342969 0.672222 0.014063 0.202778
1 0.922266 0.731250 0.014844 0.023611
1 0.957031 0.684028 0.084375 0.045833
1 0.956641 0.645139 0.085156 0.043056
