4 0.771484 0.995139 0.002344 0.006944
4 0.884766 0.950000 0.228906 0.097222
1 0.112500 0.657639 0.046875 0.048611
1 0.241406 0.712500 0.181250 0.080556
1 0.210938 0.667361 0.235937 0.079167
1 0.240625 0.756250 0.179688 0.081944
1 0.241016 0.800694 0.178906 0.084722
1 0.241016 0.841667 0.178906 0.088889
1 0.237891 0.885417 0.183594 0.093056
1 0.345703 0.825694 0.033594 0.076389
1 0.344922 0.750000 0.033594 0.069444
1 0.346484 0.787500 0.032031 0.072222
1 0.528125 0.970139 0.157812 0.056944
5 0.854688 0.842361 0.154688 0.126389
1 0.094141 0.956250 0.105469 0.084722
1 0.077734 0.919444 0.155469 0.158333
