2 0.202734 0.563889 0.132031 0.175000
2 0.110937 0.609028 0.159375 0.209722
2 0.049219 0.669444 0.098437 0.263889
2 0.060156 0.459028 0.120313 0.148611
2 0.011719 0.478472 0.023438 0.148611
0 0.204687 0.311806 0.035937 0.037500
2 0.275000 0.479167 0.112500 0.147222
2 0.306250 0.555556 0.156250 0.230556
2 0.376953 0.587500 0.117969 0.202778
2 0.423438 0.554167 0.107813 0.180556
2 0.221875 0.694444 0.189062 0.283333
1 0.669531 0.611806 0.100000 0.062500
2 0.644531 0.670833 0.126562 0.255556
2 0.601172 0.745139 0.163281 0.309722
2 0.646094 0.465278 0.128125 0.230556
2 0.607812 0.504167 0.154688 0.277778
2 0.354687 0.540278 0.104688 0.166667
2 0.288281 0.572222 0.128125 0.175000
2 0.286719 0.420139 0.129688 0.176389
2 0.207422 0.620833 0.153906 0.222222
2 0.108203 0.682639 0.188281 0.273611
1 0.857812 0.707639 0.032813 0.068056
1 0.858203 0.672222 0.024219 0.008333
1 0.774609 0.775000 0.132031 0.083333
1 0.774219 0.736806 0.131250 0.073611
