1 0.921875 0.264583 0.034375 0.079167
4 0.940234 0.225694 0.067969 0.137500
4 0.950391 0.171528 0.078906 0.134722
4 0.935547 0.134028 0.041406 0.093056
2 0.073438 0.011806 0.007812 0.004167
2 0.029297 0.015972 0.024219 0.031944
2 0.096875 0.009722 0.085938 0.019444
2 0.209766 0.020833 0.111719 0.041667
2 0.060937 0.067361 0.121875 0.134722
2 0.420312 0.068056 0.046875 0.136111
2 0.350000 0.079861 0.168750 0.159722
2 0.124219 0.015278 0.092188 0.030556
2 0.038672 0.003472 0.024219 0.006944
2 0.009375 0.011806 0.018750 0.023611
1 0.613672 0.076389 0.094531 0.025000
1 0.766016 0.187500 0.133594 0.102778
0 0.998437 0.452778 0.001563 0.022222
1 0.489844 0.095139 0.151562 0.065278
3 0.705859 0.499306 0.586719 0.998611
1 0.479687 0.063194 0.143750 0.059722
