2 0.508594 0.436111 0.110937 0.119444
2 0.595313 0.426389 0.106250 0.127778
2 0.509375 0.323611 0.112500 0.144444
2 0.891797 0.384722 0.114844 0.144444
3 0.925000 0.400000 0.148438 0.319444
1 0.562109 0.584722 0.003906 0.061111
2 0.388281 0.513889 0.115625 0.194444
0 0.077734 0.315278 0.039844 0.019444
2 0.946094 0.632639 0.106250 0.195833
1 0.973828 0.964583 0.050781 0.068056
1 0.951953 0.995139 0.010156 0.006944
2 0.835938 0.868750 0.254688 0.259722
2 0.658594 0.816667 0.190625 0.363889
2 0.856250 0.638194 0.285938 0.459722
2 0.685937 0.542361 0.243750 0.354167
2 0.986328 0.541667 0.025781 0.208333
1 0.513281 0.881250 0.223438 0.154167
1 0.513281 0.830556 0.239063 0.163889
