1 0.944531 0.486111 0.109375 0.108333
2 0.042578 0.511111 0.085156 0.366667
2 0.006641 0.492361 0.013281 0.129167
2 0.095312 0.768056 0.190625 0.461111
1 0.310156 0.419444 0.150000 0.080556
2 0.400000 0.482639 0.176563 0.315278
2 0.531250 0.590972 0.221875 0.345833
2 0.529687 0.325000 0.235937 0.347222
1 0.410547 0.432639 0.094531 0.079167
1 0.390234 0.474306 0.066406 0.059722
1 0.344922 0.440278 0.022656 0.022222
5 0.848437 0.339583 0.098437 0.218056
1 0.698047 0.536111 0.116406 0.086111
1 0.698438 0.505556 0.115625 0.072222
