2 0.154297 0.499306 0.308594 0.998611
2 0.197656 0.172917 0.395313 0.345833
2 0.040234 0.303472 0.080469 0.440278
2 0.014063 0.029167 0.028125 0.058333
2 0.547266 0.354861 0.611719 0.709722
2 0.569531 0.320833 0.234375 0.330556
2 0.864844 0.322917 0.268750 0.418056
2 0.866016 0.093056 0.266406 0.186111
2 0.071484 0.280556 0.142969 0.561111
2 0.354687 0.453472 0.709375 0.906944
1 0.507422 0.472222 0.030469 0.008333
1 0.382031 0.460417 0.003125 0.029167
1 0.868359 0.431944 0.032031 0.025000
5 0.903516 0.365972 0.078906 0.159722
1 0.925781 0.336806 0.146875 0.051389
1 0.926172 0.286111 0.146094 0.058333
