2 0.092969 0.498611 0.137500 0.180556
2 0.227734 0.490972 0.122656 0.170833
2 0.224609 0.340278 0.124219 0.166667
1 0.397656 0.530556 0.121875 0.047222
1 0.397266 0.556250 0.116406 0.045833
2 0.595313 0.440278 0.112500 0.183333
3 0.558203 0.462500 0.319531 0.466667
1 0.202734 0.606944 0.130469 0.075000
1 0.205469 0.639583 0.125000 0.079167
1 0.005859 0.613889 0.011719 0.052778
1 0.003906 0.655556 0.007812 0.030556
2 0.321875 0.984028 0.248438 0.029167
2 0.266406 0.855556 0.332813 0.286111
2 0.273828 0.798611 0.225781 0.400000
2 0.989062 0.833333 0.020313 0.330556
2 0.909375 0.782639 0.179688 0.431944
2 0.050781 0.869444 0.101562 0.258333
2 0.074219 0.805556 0.148438 0.386111
