3 0.285547 0.313889 0.571094 0.627778
1 0.957422 0.387500 0.083594 0.116667
1 0.965234 0.492361 0.067969 0.098611
2 0.359766 0.439583 0.133594 0.215278
2 0.406641 0.422917 0.152344 0.256944
2 0.455859 0.400694 0.200781 0.312500
0 0.162109 0.208333 0.005469 0.022222
2 0.325391 0.373611 0.113281 0.188889
2 0.657813 0.331250 0.162500 0.237500
2 0.591797 0.490972 0.102344 0.109722
2 0.559766 0.488889 0.038281 0.105556
2 0.523438 0.219444 0.114062 0.047222
2 0.745703 0.413194 0.205469 0.281944
1 0.827344 0.453472 0.085938 0.031944
1 0.827344 0.397917 0.085938 0.037500
1 0.827344 0.425694 0.085938 0.034722
2 0.927344 0.441667 0.118750 0.208333
2 0.989062 0.440278 0.020313 0.213889
2 0.925391 0.251389 0.124219 0.227778
2 0.991016 0.229861 0.016406 0.204167
2 0.394531 0.453472 0.034375 0.179167
2 0.475781 0.442361 0.129688 0.206944
2 0.535547 0.326389 0.157031 0.252778
2 0.610938 0.290278 0.206250 0.313889
1 0.911328 0.531944 0.041406 0.013889
1 0.898828 0.529861 0.072656 0.023611
1 0.862500 0.484028 0.012500 0.009722
1 0.862891 0.507639 0.011719 0.015278
