1 0.891406 0.631250 0.187500 0.118056
4 0.896875 0.586111 0.184375 0.119444
4 0.898828 0.538889 0.185156 0.113889
4 0.892578 0.490278 0.169531 0.116667
2 0.000781 0.422222 0.001563 0.038889
1 0.255078 0.451389 0.083594 0.011111
2 0.250781 0.475694 0.117188 0.251389
2 0.257422 0.586111 0.138281 0.280556
2 0.247656 0.324306 0.148438 0.290278
1 0.342969 0.492361 0.042188 0.065278
1 0.342969 0.457639 0.042188 0.009722
1 0.664453 0.561806 0.142969 0.095833
5 0.812891 0.445833 0.111719 0.236111
1 0.426953 0.547917 0.135156 0.104167
1 0.426172 0.509722 0.135156 0.100000
