1 0.597266 0.913194 0.460156 0.170833
1 0.783594 0.974306 0.110937 0.048611
1 0.798828 0.691667 0.153906 0.061111
2 0.022656 0.770139 0.045312 0.326389
1 0.187891 0.625000 0.147656 0.047222
2 0.268359 0.654167 0.172656 0.238889
2 0.376172 0.685417 0.192969 0.279167
2 0.270313 0.446528 0.167187 0.223611
1 0.307031 0.600000 0.121875 0.047222
1 0.310156 0.631944 0.153125 0.041667
1 0.309375 0.655556 0.154688 0.052778
1 0.306250 0.677778 0.139063 0.047222
1 0.209766 0.677778 0.053906 0.033333
1 0.585156 0.675000 0.123438 0.041667
5 0.681250 0.589583 0.087500 0.184722
1 0.496094 0.656944 0.181250 0.066667
1 0.496094 0.625694 0.171875 0.054167
