2 0.789844 0.286806 0.145313 0.159722
2 0.923438 0.309722 0.151562 0.194444
3 0.986719 0.513889 0.025000 0.036111
1 0.798438 0.361806 0.181250 0.070833
1 0.797656 0.400000 0.170313 0.063889
1 0.796484 0.433333 0.180469 0.075000
1 0.559375 0.325694 0.139063 0.037500
2 0.525000 0.259722 0.075000 0.105556
0 0.398047 0.097222 0.033594 0.008333
2 0.048047 0.734028 0.096094 0.529167
2 0.243750 0.675000 0.478125 0.647222
2 0.510938 0.566667 0.334375 0.522222
2 0.057422 0.331944 0.114844 0.361111
2 0.224609 0.496528 0.230469 0.376389
2 0.140625 0.390972 0.281250 0.473611
2 0.330859 0.359722 0.321094 0.419444
3 0.208203 0.179861 0.144531 0.265278
