3 0.944141 0.586111 0.110156 0.825000
1 0.916797 0.656250 0.164844 0.193056
1 0.913672 0.709722 0.163281 0.200000
1 0.906250 0.763194 0.164062 0.220833
1 0.473047 0.359028 0.119531 0.045833
2 0.082812 0.634722 0.165625 0.427778
1 0.002344 0.310417 0.004687 0.020833
2 0.087891 0.365278 0.175781 0.161111
2 0.248828 0.426389 0.207031 0.263889
2 0.083984 0.193750 0.167969 0.245833
2 0.242188 0.200000 0.212500 0.255556
2 0.030078 0.526389 0.060156 0.411111
1 0.060937 0.369444 0.082812 0.058333
1 0.074609 0.397917 0.057031 0.056944
1 0.075391 0.419444 0.055469 0.041667
1 0.361328 0.375694 0.096094 0.045833
5 0.350391 0.238194 0.042969 0.015278
0 0.733203 0.061806 0.033594 0.034722
0 0.730859 0.156250 0.025781 0.029167
0 0.688281 0.155556 0.037500 0.027778
0 0.686719 0.318056 0.037500 0.030556
1 0.310547 0.377083 0.166406 0.062500
3 0.919922 0.240972 0.158594 0.384722
1 0.310156 0.347222 0.176563 0.058333
