1 0.250781 0.425000 0.501563 0.200000
1 0.243359 0.240278 0.486719 0.216667
1 0.243750 0.597222 0.487500 0.238889
1 0.251563 0.747917 0.503125 0.345833
1 0.251563 0.844444 0.503125 0.308333
1 0.294141 0.902778 0.378906 0.191667
2 0.914062 0.636111 0.170313 0.725000
1 0.540625 0.540972 0.107813 0.040278
4 0.522266 0.500694 0.147656 0.048611
4 0.536719 0.459722 0.118750 0.044444
4 0.547266 0.420833 0.097656 0.044444
1 0.333594 0.528472 0.010937 0.015278
5 0.393359 0.424306 0.019531 0.062500
0 0.822656 0.379861 0.025000 0.037500
0 0.820703 0.128472 0.036719 0.059722
3 0.973828 0.600694 0.050781 0.023611
