1 0.710938 0.815972 0.185938 0.137500
4 0.709766 0.761111 0.172656 0.138889
4 0.710547 0.702778 0.172656 0.127778
4 0.701172 0.647917 0.153906 0.123611
1 0.072266 0.574306 0.000781 0.029167
1 0.053516 0.543750 0.041406 0.031944
2 0.069531 0.631250 0.101562 0.234722
2 0.037500 0.687500 0.075000 0.333333
2 0.062109 0.395139 0.124219 0.234722
2 0.035156 0.424306 0.070312 0.287500
1 0.275391 0.581944 0.074219 0.052778
1 0.275391 0.611111 0.074219 0.055556
1 0.245703 0.639583 0.139844 0.059722
1 0.318359 0.608333 0.011719 0.047222
1 0.282813 0.554167 0.082812 0.044444
1 0.317969 0.580556 0.012500 0.047222
1 0.468359 0.658333 0.099219 0.041667
5 0.673047 0.560417 0.089844 0.054167
0 0.899219 0.285417 0.081250 0.104167
0 0.846875 0.729167 0.071875 0.194444
1 0.154688 0.677778 0.170313 0.108333
3 0.937109 0.609028 0.124219 0.779167
1 0.153125 0.637500 0.170313 0.097222
