0 0.953516 0.163194 0.038281 0.009722
1 0.363281 0.456944 0.050000 0.038889
4 0.360938 0.422917 0.054688 0.040278
4 0.355469 0.404167 0.023438 0.002778
4 0.327344 0.336806 0.092188 0.031944
2 0.635938 0.814583 0.726562 0.368056
2 0.868359 0.578472 0.261719 0.579167
2 0.645703 0.761806 0.489844 0.326389
2 0.420703 0.745139 0.166406 0.104167
2 0.646484 0.369444 0.527344 0.738889
2 0.979297 0.634028 0.039844 0.362500
1 0.196875 0.611111 0.312500 0.144444
1 0.192969 0.504167 0.301563 0.100000
1 0.194531 0.542361 0.300000 0.109722
2 0.430859 0.565278 0.249219 0.358333
2 0.341797 0.254861 0.099219 0.345833
2 0.825391 0.808333 0.347656 0.380556
2 0.469922 0.499306 0.939844 0.998611
1 0.045703 0.564583 0.000781 0.001389
1 0.186328 0.666667 0.111719 0.033333
1 0.032031 0.712500 0.048438 0.016667
1 0.028516 0.606250 0.028906 0.015278
1 0.035937 0.704167 0.032813 0.016667
1 0.038672 0.549306 0.014844 0.029167
5 0.159375 0.331250 0.035937 0.004167
