4 0.594922 0.380556 0.008594 0.005556
4 0.586328 0.357639 0.025781 0.045833
4 0.585938 0.313889 0.028125 0.058333
1 0.847266 0.983333 0.032031 0.030556
1 0.635547 0.886806 0.503906 0.223611
1 0.645703 0.933333 0.475781 0.130556
2 0.873047 0.793056 0.252344 0.411111
2 0.985156 0.459028 0.028125 0.054167
2 0.851953 0.404167 0.294531 0.605556
1 0.355078 0.842361 0.064844 0.076389
1 0.027734 0.993750 0.013281 0.009722
1 0.555078 0.562500 0.160156 0.105556
5 0.332422 0.422917 0.097656 0.229167
0 0.738672 0.018056 0.033594 0.036111
0 0.714844 0.206944 0.054688 0.077778
1 0.739453 0.566667 0.044531 0.063889
3 0.941797 0.169444 0.114844 0.338889
1 0.847266 0.502083 0.255469 0.062500
