2 0.655078 0.951389 0.642969 0.094444
2 0.978125 0.946528 0.042188 0.104167
2 0.077734 0.807639 0.155469 0.381944
2 0.833203 0.736806 0.332031 0.345833
2 0.474219 0.870833 0.373437 0.255556
2 0.214453 0.878472 0.072656 0.240278
2 0.125781 0.556944 0.251563 0.522222
1 0.377734 0.800000 0.203906 0.080556
1 0.378906 0.713194 0.214062 0.068056
1 0.378906 0.757639 0.214062 0.073611
2 0.596484 0.749306 0.219531 0.206944
2 0.734375 0.747222 0.078125 0.211111
2 0.597266 0.535417 0.219531 0.281944
2 0.091016 0.914583 0.182031 0.168056
2 0.550000 0.900000 0.493750 0.197222
2 0.091797 0.592361 0.183594 0.743056
2 0.885938 0.788194 0.226562 0.420833
1 0.401953 0.856250 0.067969 0.006944
1 0.232422 0.870833 0.103906 0.083333
1 0.262891 0.806944 0.024219 0.041667
1 0.231250 0.838194 0.101562 0.070833
1 0.486328 0.768056 0.002344 0.022222
5 0.498437 0.642361 0.029687 0.045833
0 0.882812 0.441667 0.032813 0.030556
0 0.862500 0.589583 0.057813 0.051389
1 0.721484 0.744444 0.033594 0.022222
1 0.739062 0.714583 0.068750 0.037500
