2 0.763672 0.127083 0.222656 0.254167
2 0.273438 0.056250 0.175000 0.112500
2 0.950391 0.062500 0.097656 0.125000
2 0.484375 0.200694 0.279687 0.401389
2 0.821484 0.331944 0.302344 0.447222
2 0.971484 0.343750 0.055469 0.440278
2 0.842187 0.122917 0.314063 0.245833
2 0.206250 0.292361 0.303125 0.429167
1 0.732031 0.975000 0.006250 0.047222
2 0.429688 0.853472 0.504687 0.290278
2 0.096875 0.850000 0.193750 0.297222
2 0.971094 0.211111 0.056250 0.344444
2 0.786328 0.195139 0.250781 0.373611
2 0.426172 0.361111 0.024219 0.002778
2 0.241016 0.175000 0.233594 0.350000
