2 0.336719 0.764583 0.170313 0.251389
2 0.403516 0.752778 0.139844 0.205556
2 0.338672 0.520139 0.169531 0.237500
1 0.507031 0.802778 0.071875 0.041667
2 0.692187 0.654167 0.121875 0.161111
3 0.854297 0.640972 0.108594 0.370833
1 0.711719 0.721528 0.056250 0.037500
1 0.705469 0.759028 0.050000 0.037500
1 0.706641 0.794444 0.046094 0.036111
1 0.705469 0.829167 0.048438 0.038889
1 0.804297 0.741667 0.163281 0.063889
1 0.805078 0.797222 0.150781 0.055556
1 0.805469 0.845833 0.151562 0.055556
1 0.805859 0.896528 0.152344 0.056944
2 0.464062 0.815972 0.289062 0.365278
