1 0.819922 0.970139 0.352344 0.056944
2 0.233203 0.428472 0.132031 0.237500
2 0.262109 0.464583 0.149219 0.284722
2 0.293359 0.514583 0.196094 0.354167
0 0.037891 0.128472 0.046094 0.029167
2 0.209375 0.320139 0.112500 0.193056
2 0.531250 0.345139 0.167187 0.245833
2 0.464062 0.411111 0.132812 0.211111
2 0.424609 0.381944 0.119531 0.163889
2 0.467969 0.211806 0.143750 0.206944
2 0.613281 0.485417 0.204687 0.315278
1 0.731250 0.392361 0.081250 0.040278
2 0.857031 0.420139 0.176563 0.226389
2 0.934375 0.451389 0.129688 0.266667
2 0.939844 0.220833 0.118750 0.238889
2 0.319531 0.395833 0.109375 0.191667
2 0.356641 0.421528 0.130469 0.226389
2 0.351562 0.214583 0.139063 0.220833
2 0.402344 0.453472 0.157812 0.270833
2 0.462891 0.498611 0.207031 0.333333
1 0.755078 0.444444 0.028906 0.030556
