0 0.940234 0.249306 0.042969 0.009722
0 0.864062 0.318056 0.037500 0.002778
1 0.188281 0.544444 0.060937 0.047222
2 0.444531 0.868750 0.889062 0.259722
2 0.820312 0.809028 0.357812 0.379167
2 0.464453 0.604861 0.496094 0.670833
2 0.101562 0.763194 0.203125 0.470833
2 0.112500 0.609722 0.221875 0.383333
2 0.200391 0.797917 0.400781 0.401389
2 0.679688 0.625694 0.639062 0.745833
2 0.901172 0.458333 0.196094 0.316667
1 0.016797 0.590972 0.033594 0.040278
5 0.062109 0.493056 0.058594 0.169444
0 0.477734 0.209028 0.035156 0.034722
0 0.478516 0.305556 0.032031 0.013889
0 0.441406 0.305556 0.042188 0.013889
1 0.219531 0.529861 0.007812 0.040278
3 0.719141 0.258333 0.150781 0.119444
1 0.216797 0.488194 0.013281 0.043056
