2 0.992188 0.538889 0.014063 0.169444
1 0.976953 0.678472 0.044531 0.068056
1 0.976172 0.718750 0.046094 0.056944
1 0.975781 0.754167 0.046875 0.058333
1 0.792969 0.661806 0.164062 0.093056
2 0.755859 0.525000 0.138281 0.194444
0 0.672656 0.286806 0.032813 0.029167
0 0.617578 0.338889 0.030469 0.033333
2 0.137500 0.981250 0.106250 0.034722
2 0.440234 0.907639 0.389844 0.181944
2 0.694531 0.861111 0.318750 0.275000
2 0.239844 0.761111 0.229687 0.430556
2 0.026172 0.973611 0.052344 0.050000
2 0.432031 0.720833 0.253125 0.213889
2 0.209766 0.629861 0.175781 0.237500
2 0.069141 0.965972 0.138281 0.065278
2 0.067187 0.722222 0.134375 0.522222
2 0.301172 0.797222 0.339844 0.402778
2 0.550000 0.722917 0.287500 0.368056
0 0.293750 0.415278 0.023438 0.025000
0 0.287109 0.268056 0.028906 0.030556
1 0.177344 0.605556 0.107813 0.072222
3 0.475391 0.384028 0.182031 0.281944
1 0.175000 0.579861 0.103125 0.054167
