1 0.908594 0.694444 0.181250 0.100000
4 0.912891 0.656944 0.172656 0.097222
4 0.913672 0.616667 0.171094 0.094444
4 0.914453 0.564583 0.169531 0.118056
2 0.040234 0.927083 0.080469 0.143056
1 0.226562 0.650694 0.162500 0.093056
2 0.321484 0.739583 0.178906 0.312500
2 0.470703 0.834028 0.235156 0.329167
2 0.327344 0.496528 0.204687 0.320833
2 0.467578 0.576389 0.246094 0.383333
1 0.357812 0.648611 0.143750 0.086111
1 0.330469 0.691667 0.109375 0.066667
1 0.264062 0.666667 0.018750 0.013889
5 0.769141 0.523611 0.096094 0.222222
1 0.642578 0.778472 0.111719 0.090278
1 0.627344 0.742361 0.142187 0.087500
