3 0.026953 0.382639 0.053906 0.354167
2 0.666406 0.599306 0.178125 0.245833
2 0.451172 0.577083 0.177344 0.212500
2 0.266016 0.592361 0.189844 0.254167
2 0.786328 0.413194 0.074219 0.187500
2 0.632031 0.410417 0.128125 0.187500
0 0.959766 0.240278 0.041406 0.061111
2 0.891016 0.521528 0.202344 0.220833
2 0.407813 0.620833 0.237500 0.350000
2 0.695703 0.713889 0.235156 0.252778
2 0.903125 0.750000 0.192188 0.344444
2 0.701562 0.472917 0.242188 0.345833
2 0.175000 0.729861 0.254688 0.351389
2 0.496484 0.477083 0.127344 0.187500
2 0.361328 0.464583 0.133594 0.168056
2 0.305469 0.934028 0.418750 0.129167
2 0.059766 0.931944 0.096094 0.133333
2 0.052344 0.706944 0.104688 0.583333
2 0.908203 0.565278 0.182031 0.080556
2 0.678516 0.665972 0.200781 0.284722
2 0.908594 0.426389 0.181250 0.288889
2 0.435937 0.551389 0.206250 0.286111
2 0.219531 0.552083 0.221875 0.295833
