2 0.450000 0.419444 0.126562 0.172222
2 0.575000 0.424306 0.121875 0.179167
2 0.449609 0.269444 0.127344 0.169444
1 0.743750 0.479167 0.120313 0.052778
1 0.743359 0.506250 0.119531 0.051389
2 0.945703 0.413194 0.107031 0.218056
3 0.857031 0.448611 0.284375 0.522222
1 0.524219 0.555556 0.134375 0.091667
1 0.523828 0.584028 0.142969 0.090278
1 0.266406 0.546528 0.167187 0.070833
1 0.267188 0.580556 0.167187 0.066667
2 0.162500 0.452778 0.139063 0.202778
2 0.400000 0.893056 0.343750 0.211111
2 0.491406 0.809722 0.260937 0.377778
2 0.025391 0.785417 0.050781 0.426389
2 0.104688 0.797222 0.209375 0.402778
2 0.146875 0.884028 0.293750 0.229167
2 0.259375 0.802778 0.306250 0.391667
