4 0.422656 0.654167 0.010937 0.005556
2 0.268359 0.896528 0.536719 0.204167
2 0.758984 0.870833 0.480469 0.255556
2 0.960547 0.780556 0.077344 0.100000
2 0.506250 0.731944 0.340625 0.461111
2 0.150000 0.873611 0.300000 0.250000
2 0.780469 0.723611 0.323437 0.172222
1 0.102344 0.775694 0.164062 0.031944
2 0.307031 0.740972 0.210938 0.273611
2 0.511328 0.644444 0.203906 0.116667
2 0.395313 0.484722 0.034375 0.263889
2 0.511719 0.483333 0.201563 0.258333
2 0.191406 0.874306 0.382812 0.248611
2 0.191016 0.520139 0.382031 0.640278
2 0.610938 0.836806 0.429688 0.293056
2 0.868750 0.747917 0.260937 0.162500
1 0.103516 0.801389 0.116406 0.047222
0 0.619141 0.403472 0.016406 0.029167
0 0.596875 0.549306 0.048438 0.048611
1 0.476953 0.686806 0.124219 0.031944
3 0.823438 0.534028 0.212500 0.290278
1 0.460156 0.655556 0.157812 0.036111
