2 0.890625 0.400000 0.145313 0.172222
2 0.978516 0.409722 0.041406 0.175000
2 0.980859 0.239583 0.036719 0.181944
1 0.976953 0.543750 0.044531 0.076389
0 0.467969 0.204167 0.034375 0.008333
0 0.406250 0.268056 0.031250 0.005556
2 0.291406 0.776389 0.582812 0.444444
2 0.608594 0.727778 0.473438 0.541667
2 0.797266 0.697222 0.327344 0.575000
2 0.175000 0.475694 0.350000 0.459722
2 0.381641 0.480556 0.064844 0.200000
2 0.110547 0.613889 0.221094 0.180556
2 0.108203 0.297222 0.216406 0.594444
2 0.341016 0.459028 0.463281 0.431944
2 0.572266 0.470139 0.317969 0.451389
0 0.040625 0.165972 0.025000 0.012500
0 0.042188 0.238889 0.034375 0.005556
0 0.021484 0.238889 0.008594 0.005556
3 0.279687 0.281944 0.148438 0.258333
