1 0.417969 0.577778 0.132812 0.063889
4 0.421875 0.545139 0.126562 0.065278
4 0.421094 0.510417 0.126562 0.062500
4 0.420703 0.466667 0.127344 0.086111
2 0.883594 0.910417 0.231250 0.176389
2 0.385937 0.961111 0.068750 0.075000
2 0.990234 0.966667 0.017969 0.027778
1 0.282813 0.968056 0.260937 0.061111
2 0.499219 0.827083 0.246875 0.343056
2 0.683984 0.774306 0.222656 0.365278
2 0.927734 0.968056 0.142969 0.061111
1 0.146875 0.850000 0.007812 0.047222
1 0.150000 0.893750 0.004687 0.009722
1 0.212500 0.732639 0.175000 0.084722
5 0.277344 0.519444 0.085938 0.211111
0 0.633594 0.218056 0.034375 0.038889
0 0.614062 0.370833 0.042188 0.066667
1 0.578906 0.687500 0.185938 0.077778
3 0.818359 0.338889 0.202344 0.333333
1 0.579688 0.663194 0.185938 0.073611
