2 0.297266 0.594444 0.189844 0.141667
2 0.129688 0.711111 0.228125 0.252778
2 0.036719 0.827083 0.073438 0.326389
2 0.190625 0.457639 0.151562 0.195833
2 0.060547 0.506250 0.121094 0.231944
0 0.361719 0.290972 0.042188 0.031944
2 0.423438 0.493750 0.159375 0.190278
2 0.357812 0.747917 0.253125 0.415278
2 0.512500 0.747222 0.195312 0.347222
2 0.607812 0.677083 0.168750 0.273611
2 0.609375 0.461111 0.171875 0.266667
2 0.162891 0.874306 0.325781 0.248611
1 0.932422 0.948611 0.133594 0.100000
2 0.883984 0.895833 0.230469 0.205556
2 0.777344 0.984028 0.073438 0.029167
2 0.518750 0.571528 0.160938 0.081944
2 0.450781 0.577778 0.092188 0.061111
2 0.519141 0.434028 0.164844 0.240278
2 0.178906 0.737500 0.114062 0.169444
2 0.093750 0.850000 0.187500 0.297222
