1 0.794922 0.555556 0.128906 0.066667
2 0.078906 0.590972 0.157812 0.334722
2 0.007031 0.634722 0.014063 0.233333
2 0.175781 0.776389 0.268750 0.413889
1 0.240625 0.540278 0.150000 0.052778
2 0.351953 0.568750 0.172656 0.248611
2 0.487500 0.614583 0.193750 0.265278
2 0.488281 0.398611 0.193750 0.252778
2 0.001953 0.749306 0.003906 0.268056
2 0.082422 0.807639 0.164844 0.381944
1 0.358594 0.495833 0.106250 0.066667
1 0.355469 0.526389 0.114062 0.058333
1 0.315234 0.560417 0.077344 0.045833
1 0.324219 0.584722 0.065625 0.044444
1 0.237891 0.573611 0.060156 0.030556
1 0.686328 0.571528 0.091406 0.045833
5 0.694531 0.425694 0.025000 0.106944
1 0.571094 0.568750 0.164062 0.068056
1 0.571484 0.541667 0.163281 0.058333
