1 0.573047 0.707639 0.107031 0.040278
4 0.574219 0.673611 0.109375 0.047222
4 0.574609 0.639583 0.108594 0.045833
4 0.574609 0.606944 0.108594 0.047222
2 0.082031 0.940278 0.164062 0.116667
2 0.043750 0.639583 0.087500 0.170833
2 0.298828 0.859722 0.144531 0.277778
1 0.030859 0.696528 0.003906 0.001389
1 0.054688 0.656250 0.109375 0.048611
1 0.042578 0.686111 0.085156 0.052778
2 0.186328 0.737500 0.203906 0.258333
2 0.389453 0.756250 0.208594 0.284722
2 0.189844 0.509722 0.215625 0.255556
2 0.388281 0.512500 0.209375 0.266667
2 0.151172 0.789583 0.302344 0.418056
1 0.350781 0.717361 0.098437 0.031944
0 0.837891 0.397222 0.022656 0.036111
0 0.837500 0.491667 0.028125 0.027778
0 0.793359 0.492361 0.038281 0.026389
0 0.794531 0.659028 0.039062 0.031944
1 0.434375 0.709722 0.170313 0.061111
3 0.983203 0.743750 0.032031 0.023611
1 0.434375 0.677083 0.179688 0.056944
