2 0.391406 0.663889 0.145313 0.155556
2 0.275000 0.674306 0.173437 0.212500
2 0.143750 0.667361 0.203125 0.245833
2 0.280469 0.625694 0.103125 0.143056
2 0.154688 0.613889 0.134375 0.163889
0 0.422656 0.483333 0.034375 0.022222
2 0.482422 0.608333 0.124219 0.158333
2 0.474219 0.567361 0.184375 0.243056
2 0.573047 0.675000 0.157031 0.208333
2 0.630859 0.679167 0.117969 0.186111
2 0.569141 0.486111 0.147656 0.222222
2 0.350391 0.660417 0.216406 0.281944
2 0.058203 0.681250 0.116406 0.179167
2 0.001563 0.641667 0.003125 0.105556
1 0.914062 0.664583 0.003125 0.040278
2 0.879297 0.657639 0.175781 0.295833
2 0.799609 0.643750 0.230469 0.362500
2 0.867188 0.379167 0.181250 0.291667
2 0.560156 0.681944 0.131250 0.169444
2 0.478125 0.677083 0.146875 0.195833
2 0.563672 0.593750 0.122656 0.037500
2 0.471875 0.492361 0.140625 0.201389
2 0.369531 0.671528 0.179688 0.223611
2 0.242969 0.663889 0.210938 0.263889
1 0.998437 0.699306 0.001563 0.015278
1 0.998437 0.724306 0.001563 0.034722
1 0.958984 0.636806 0.080469 0.062500
1 0.962891 0.581250 0.072656 0.065278
