1 0.801953 0.989583 0.117969 0.018056
2 0.907813 0.831944 0.182812 0.277778
1 0.235547 0.723611 0.063281 0.041667
4 0.235156 0.697222 0.060937 0.036111
4 0.234375 0.665278 0.060937 0.036111
4 0.233984 0.624306 0.061719 0.054167
2 0.141016 0.978472 0.116406 0.040278
2 0.105859 0.861806 0.196094 0.273611
2 0.100391 0.654167 0.199219 0.283333
5 0.036328 0.618056 0.008594 0.088889
0 0.450000 0.421528 0.029687 0.034722
0 0.430469 0.567361 0.034375 0.062500
1 0.124609 0.799306 0.160156 0.087500
3 0.673047 0.561111 0.241406 0.327778
1 0.124219 0.771528 0.159375 0.065278
