1 0.993359 0.997222 0.011719 0.002778
1 0.948438 0.894444 0.101562 0.047222
4 0.949609 0.849306 0.099219 0.054167
4 0.948828 0.803472 0.100781 0.048611
4 0.948438 0.757639 0.101562 0.045833
2 0.046484 0.809028 0.092969 0.379167
1 0.262891 0.800000 0.160156 0.038889
2 0.358203 0.812500 0.208594 0.277778
2 0.497266 0.822917 0.242969 0.331944
2 0.492578 0.518056 0.247656 0.336111
1 0.399219 0.851389 0.162500 0.044444
1 0.399219 0.876389 0.162500 0.019444
1 0.291797 0.877083 0.064844 0.023611
1 0.603125 0.857639 0.148438 0.031944
5 0.833984 0.789583 0.105469 0.212500
1 0.638281 0.813194 0.214062 0.048611
1 0.638672 0.767361 0.227344 0.045833
