2 0.923828 0.853472 0.150781 0.290278
1 0.562891 0.497222 0.152344 0.077778
2 0.052344 0.536806 0.104688 0.256944
2 0.121875 0.579861 0.223438 0.306944
2 0.046875 0.298611 0.093750 0.252778
2 0.113672 0.327778 0.227344 0.294444
1 0.071484 0.518056 0.136719 0.075000
1 0.035937 0.486111 0.067187 0.030556
1 0.033984 0.450000 0.067969 0.033333
1 0.035156 0.468750 0.067187 0.051389
1 0.404297 0.511111 0.119531 0.052778
5 0.447266 0.404861 0.067969 0.143056
0 0.853906 0.168056 0.035937 0.047222
0 0.820312 0.375000 0.057813 0.088889
1 0.254688 0.520139 0.184375 0.079167
3 0.977734 0.643750 0.042969 0.051389
1 0.253906 0.493056 0.182812 0.063889
