2 0.500781 0.821528 0.242188 0.354167
2 0.656250 0.863889 0.323437 0.269444
2 0.828125 0.927083 0.342187 0.143056
0 0.150391 0.367361 0.058594 0.040278
2 0.398828 0.640278 0.186719 0.308333
2 0.917578 0.595139 0.163281 0.095833
2 0.780859 0.964583 0.016406 0.015278
2 0.609766 0.600000 0.067969 0.011111
2 0.673438 0.481944 0.195312 0.241667
2 0.527734 0.731250 0.158594 0.298611
2 0.656250 0.817361 0.228125 0.362500
2 0.534766 0.495833 0.191406 0.266667
2 0.656641 0.539583 0.247656 0.334722
2 0.839453 0.779861 0.319531 0.437500
2 0.939453 0.820139 0.119531 0.356944
