1 0.537500 0.102083 0.042188 0.051389
2 0.119531 0.848611 0.239063 0.300000
2 0.411719 0.849306 0.360938 0.298611
2 0.151562 0.457639 0.289062 0.401389
2 0.019922 0.531250 0.039844 0.273611
2 0.006641 0.311111 0.013281 0.169444
2 0.435156 0.395139 0.221875 0.006944
1 0.085547 0.265278 0.161719 0.091667
1 0.078516 0.199306 0.157031 0.081944
1 0.079297 0.233333 0.158594 0.083333
2 0.248047 0.264583 0.186719 0.262500
2 0.438281 0.263889 0.167187 0.263889
2 0.239844 0.095833 0.192188 0.191667
2 0.136328 0.612500 0.272656 0.480556
2 0.425391 0.535417 0.302344 0.331944
1 0.178125 0.247222 0.046875 0.066667
1 0.010156 0.288194 0.004687 0.006944
5 0.372266 0.026389 0.044531 0.052778
1 0.443359 0.200694 0.139844 0.056944
3 0.923438 0.077083 0.151562 0.154167
1 0.444141 0.174306 0.138281 0.043056
