1 0.830078 0.237500 0.011719 0.036111
4 0.832812 0.200000 0.012500 0.038889
4 0.835156 0.161111 0.012500 0.038889
4 0.838672 0.113889 0.013281 0.061111
1 0.567578 0.646528 0.283594 0.165278
1 0.571875 0.532639 0.304688 0.184722
1 0.571094 0.587500 0.301563 0.186111
2 0.837891 0.561111 0.316406 0.458333
2 0.957812 0.516667 0.082812 0.400000
1 0.346484 0.613194 0.163281 0.193056
1 0.343359 0.528472 0.164844 0.179167
1 0.341797 0.565972 0.157031 0.181944
1 0.728516 0.314583 0.180469 0.084722
5 0.611719 0.173611 0.068750 0.186111
0 0.992188 0.014583 0.014063 0.029167
1 0.913281 0.391667 0.171875 0.113889
1 0.915234 0.352083 0.167969 0.112500
