2 0.502734 0.699306 0.069531 0.140278
2 0.769922 0.516667 0.042969 0.055556
2 0.557813 0.657639 0.025000 0.054167
0 0.833203 0.336806 0.025781 0.029167
2 0.692578 0.574306 0.217969 0.231944
2 0.089453 0.631250 0.178906 0.370833
2 0.302734 0.808333 0.316406 0.366667
2 0.562109 0.698611 0.257031 0.141667
2 0.591016 0.413889 0.316406 0.441667
1 0.032813 0.827778 0.065625 0.055556
2 0.616016 0.695833 0.157031 0.130556
2 0.484375 0.698611 0.046875 0.138889
2 0.340234 0.415278 0.191406 0.283333
2 0.133203 0.507639 0.266406 0.095833
