1 0.916797 0.957639 0.164844 0.081944
1 0.860938 0.986111 0.039062 0.025000
2 0.957812 0.829861 0.082812 0.273611
1 0.296094 0.761111 0.059375 0.030556
4 0.297266 0.729861 0.061719 0.034722
4 0.297656 0.696528 0.060937 0.034722
4 0.274219 0.658333 0.106250 0.047222
2 0.131250 0.926389 0.262500 0.144444
2 0.026953 0.854167 0.053906 0.288889
2 0.164844 0.850000 0.200000 0.297222
2 0.130859 0.972222 0.261719 0.052778
1 0.042188 0.790972 0.029687 0.056944
5 0.096875 0.688889 0.014063 0.177778
0 0.525000 0.620833 0.017188 0.027778
0 0.518750 0.455556 0.031250 0.033333
1 0.183984 0.790972 0.172656 0.076389
3 0.752734 0.604167 0.255469 0.333333
1 0.183594 0.760417 0.165625 0.059722
