2 0.988281 0.707639 0.021875 0.204167
0 0.936719 0.377083 0.042188 0.026389
0 0.861328 0.427083 0.038281 0.029167
4 0.235156 0.661806 0.123438 0.040278
4 0.234375 0.638889 0.125000 0.061111
4 0.233594 0.595139 0.125000 0.087500
2 0.512891 0.997222 0.005469 0.002778
2 0.149609 0.930556 0.263281 0.136111
2 0.392578 0.864583 0.230469 0.268056
2 0.142578 0.746528 0.274219 0.423611
1 0.103516 0.784028 0.097656 0.012500
5 0.049219 0.668750 0.012500 0.156944
0 0.479297 0.342361 0.025781 0.037500
0 0.478125 0.428472 0.035937 0.034722
0 0.443359 0.434722 0.041406 0.033333
0 0.445703 0.589583 0.039844 0.037500
1 0.339062 0.841667 0.157812 0.108333
3 0.688281 0.470139 0.220312 0.343056
1 0.319531 0.809722 0.207813 0.094444
