2 0.339453 0.499306 0.013281 0.076389
2 0.206250 0.477778 0.121875 0.033333
2 0.061719 0.411806 0.123438 0.193056
2 0.582422 0.345139 0.072656 0.159722
2 0.290625 0.338194 0.201563 0.115278
2 0.520312 0.406250 0.151562 0.179167
2 0.646484 0.427083 0.185156 0.218056
2 0.623437 0.280556 0.139063 0.113889
2 0.095703 0.429167 0.191406 0.283333
2 0.155078 0.477083 0.099219 0.034722
2 0.047266 0.462500 0.038281 0.069444
1 0.773438 0.408333 0.292187 0.063889
1 0.774219 0.298611 0.278125 0.072222
1 0.773828 0.353472 0.277344 0.065278
2 0.541406 0.407639 0.325000 0.415278
2 0.218750 0.390278 0.365625 0.505556
2 0.607812 0.130556 0.189062 0.261111
2 0.077734 0.105556 0.080469 0.211111
2 0.601172 0.434028 0.167969 0.198611
2 0.440625 0.495833 0.173437 0.086111
2 0.186328 0.284722 0.000781 0.008333
2 0.044531 0.304861 0.089063 0.240278
1 0.884375 0.438194 0.229687 0.070833
1 0.883984 0.511111 0.230469 0.077778
1 0.889844 0.579167 0.218750 0.088889
1 0.946094 0.565278 0.010937 0.002778
1 0.316797 0.366667 0.477344 0.116667
1 0.318359 0.272222 0.455469 0.127778
