2 0.065234 0.731250 0.130469 0.368056
2 0.071875 0.639583 0.143750 0.295833
2 0.061719 0.455556 0.123438 0.325000
2 0.069141 0.408333 0.138281 0.263889
1 0.135937 0.638889 0.112500 0.083333
2 0.343359 0.427778 0.125781 0.183333
3 0.506250 0.421528 0.126562 0.390278
1 0.495312 0.654167 0.164062 0.075000
1 0.495312 0.700694 0.164062 0.054167
1 0.610547 0.845139 0.191406 0.170833
2 0.345703 0.853472 0.335156 0.290278
2 0.956641 0.561111 0.085156 0.225000
2 0.996875 0.358333 0.004687 0.080556
2 0.942578 0.461111 0.113281 0.163889
2 0.841797 0.467361 0.135156 0.168056
2 0.991016 0.494444 0.016406 0.213889
