1 0.944531 0.931250 0.109375 0.134722
4 0.949219 0.895139 0.100000 0.162500
4 0.950391 0.838889 0.097656 0.152778
4 0.951172 0.781250 0.096094 0.156944
1 0.253906 0.687500 0.103125 0.033333
2 0.257422 0.777083 0.130469 0.265278
2 0.262109 0.837500 0.164844 0.322222
2 0.253516 0.520833 0.138281 0.300000
1 0.357031 0.672222 0.057813 0.077778
1 0.357422 0.704861 0.057031 0.073611
1 0.357422 0.735417 0.058594 0.081944
1 0.326172 0.673611 0.008594 0.038889
1 0.658594 0.738194 0.140625 0.104167
5 0.897266 0.697917 0.132031 0.276389
1 0.463281 0.861806 0.164062 0.159722
1 0.462891 0.818056 0.164844 0.155556
