2 0.387891 0.697222 0.116406 0.155556
2 0.480078 0.660417 0.110156 0.112500
2 0.387500 0.566667 0.117188 0.150000
1 0.553906 0.704167 0.015625 0.002778
2 0.775000 0.623611 0.110937 0.147222
3 0.858984 0.643750 0.167969 0.329167
1 0.620313 0.698611 0.120313 0.055556
1 0.621484 0.670139 0.113281 0.048611
1 0.614453 0.724306 0.103906 0.048611
1 0.612891 0.749306 0.107031 0.059722
1 0.614062 0.772222 0.104688 0.058333
1 0.612500 0.795139 0.107813 0.062500
1 0.463281 0.734028 0.143750 0.062500
1 0.467578 0.704861 0.135156 0.062500
1 0.479687 0.763194 0.117188 0.065278
1 0.471094 0.793750 0.098437 0.059722
1 0.480469 0.820833 0.085938 0.058333
1 0.483594 0.845139 0.092188 0.068056
2 0.249219 0.775000 0.120313 0.213889
2 0.966406 0.859028 0.065625 0.226389
2 0.960547 0.875000 0.077344 0.247222
2 0.875000 0.895833 0.223438 0.205556
2 0.524609 0.973611 0.177344 0.050000
2 0.707031 0.840278 0.337500 0.316667
2 0.522266 0.813194 0.258594 0.370833
2 0.924609 0.883333 0.149219 0.230556
