2 0.215234 0.461111 0.135156 0.261111
2 0.234375 0.186806 0.173437 0.298611
1 0.406250 0.565278 0.357812 0.138889
1 0.405078 0.420833 0.360156 0.094444
1 0.405859 0.497917 0.358594 0.109722
2 0.247266 0.639583 0.202344 0.606944
2 0.240234 0.170139 0.207031 0.340278
1 0.685547 0.777083 0.464844 0.251389
1 0.685547 0.872917 0.458594 0.251389
1 0.955469 0.791667 0.087500 0.144444
1 0.815625 0.634028 0.367188 0.129167
1 0.815625 0.693056 0.367188 0.177778
1 0.073438 0.909722 0.146875 0.177778
1 0.086719 0.813194 0.173437 0.281944
