1 0.585156 0.977083 0.093750 0.043056
1 0.782813 0.871528 0.235937 0.254167
1 0.719141 0.340972 0.117969 0.062500
2 0.013672 0.709722 0.027344 0.288889
2 0.079297 0.403472 0.158594 0.284722
2 0.021484 0.435417 0.042969 0.195833
2 0.170703 0.559722 0.213281 0.336111
1 0.229687 0.338194 0.129688 0.048611
2 0.324219 0.372917 0.150000 0.206944
2 0.438281 0.405556 0.162500 0.244444
2 0.321094 0.200000 0.154688 0.211111
2 0.019531 0.537500 0.039062 0.241667
2 0.084375 0.629167 0.168750 0.377778
1 0.336719 0.317361 0.093750 0.062500
1 0.322656 0.340972 0.100000 0.059722
1 0.316797 0.363194 0.086719 0.059722
1 0.237891 0.359722 0.071094 0.030556
5 0.620703 0.247917 0.063281 0.162500
0 0.974609 0.090972 0.028906 0.040278
0 0.968359 0.185417 0.035156 0.034722
0 0.926172 0.179167 0.044531 0.033333
0 0.917969 0.338889 0.043750 0.038889
1 0.551953 0.375000 0.064844 0.050000
1 0.554688 0.347917 0.070312 0.054167
