2 0.010937 0.850694 0.021875 0.295833
1 0.123438 0.779167 0.107813 0.036111
2 0.206250 0.818750 0.176563 0.181944
2 0.320312 0.815278 0.192188 0.255556
2 0.318359 0.579167 0.197656 0.247222
1 0.235156 0.786806 0.134375 0.040278
1 0.237500 0.808333 0.140625 0.019444
1 0.171484 0.840972 0.008594 0.023611
1 0.141016 0.837500 0.053906 0.033333
1 0.433594 0.812500 0.118750 0.030556
5 0.601172 0.752083 0.083594 0.176389
0 0.987109 0.486806 0.024219 0.043056
0 0.985547 0.600694 0.027344 0.031944
0 0.943359 0.602778 0.053906 0.030556
0 0.949219 0.802778 0.054688 0.036111
1 0.432812 0.795833 0.165625 0.044444
1 0.433203 0.761111 0.177344 0.044444
