2 0.320312 0.627778 0.229687 0.313889
2 0.100000 0.631250 0.200000 0.331944
2 0.596484 0.315278 0.146094 0.133333
2 0.375391 0.358333 0.158594 0.225000
0 0.723437 0.184722 0.039062 0.047222
2 0.604688 0.486806 0.228125 0.256944
2 0.038672 0.725000 0.077344 0.477778
2 0.239453 0.823611 0.339844 0.350000
2 0.575391 0.870139 0.319531 0.256944
2 0.227344 0.533333 0.357812 0.486111
2 0.578906 0.540278 0.335938 0.494444
2 0.227734 0.434722 0.167969 0.222222
2 0.080469 0.432639 0.160938 0.220833
2 0.616016 0.777083 0.263281 0.395833
2 0.287500 0.753472 0.262500 0.376389
2 0.082422 0.743750 0.133594 0.404167
