1 0.528906 0.987500 0.128125 0.022222
1 0.673047 0.480556 0.286719 0.113889
1 0.677344 0.401389 0.265625 0.086111
1 0.671484 0.559722 0.261719 0.133333
1 0.671094 0.643056 0.284375 0.158333
1 0.670703 0.716667 0.283594 0.183333
1 0.669531 0.793750 0.259375 0.195833
2 0.951953 0.571528 0.094531 0.390278
1 0.361719 0.528472 0.135937 0.034722
4 0.364063 0.493750 0.134375 0.043056
4 0.364063 0.458333 0.134375 0.038889
4 0.363672 0.425694 0.135156 0.040278
2 0.073047 0.514583 0.146094 0.281944
1 0.126562 0.525694 0.162500 0.031944
5 0.237109 0.466667 0.053906 0.138889
0 0.632031 0.195139 0.025000 0.037500
1 0.125000 0.490278 0.207813 0.047222
3 0.880859 0.360417 0.236719 0.440278
1 0.124219 0.454167 0.198437 0.041667
