2 0.499219 0.706944 0.517188 0.583333
2 0.136719 0.853472 0.059375 0.290278
2 0.067969 0.586111 0.135937 0.825000
2 0.845313 0.808333 0.307812 0.380556
1 0.127734 0.409722 0.149219 0.166667
1 0.095312 0.317361 0.190625 0.145833
1 0.096875 0.361111 0.193750 0.150000
2 0.351172 0.419444 0.257031 0.355556
2 0.630078 0.355556 0.266406 0.402778
2 0.344141 0.147222 0.271094 0.294444
2 0.050000 0.706944 0.100000 0.583333
2 0.572656 0.853472 0.682813 0.290278
2 0.922266 0.829167 0.153906 0.338889
1 0.174609 0.381944 0.063281 0.152778
1 0.355078 0.150000 0.005469 0.005556
5 0.349609 0.073611 0.014844 0.147222
1 0.581250 0.259028 0.207813 0.095833
3 0.972266 0.106944 0.053906 0.038889
1 0.579688 0.222222 0.200000 0.077778
