3 0.346484 0.936111 0.421094 0.125000
1 0.697266 0.872917 0.164844 0.206944
2 0.919141 0.652778 0.160156 0.297222
1 0.398438 0.448611 0.110937 0.041667
4 0.400391 0.420139 0.110156 0.048611
4 0.400391 0.390972 0.110156 0.045833
4 0.400000 0.361806 0.110937 0.051389
2 0.043359 0.766667 0.086719 0.358333
2 0.057422 0.529167 0.114844 0.227778
2 0.175000 0.539583 0.185938 0.245833
2 0.054688 0.338889 0.109375 0.225000
1 0.015625 0.439583 0.031250 0.023611
1 0.021875 0.454861 0.043750 0.045833
1 0.026562 0.477083 0.053125 0.059722
1 0.027344 0.500694 0.054688 0.059722
1 0.027734 0.527778 0.055469 0.063889
1 0.131641 0.465278 0.050781 0.027778
5 0.309375 0.357639 0.001563 0.026389
0 0.628125 0.183333 0.020313 0.033333
0 0.627344 0.266667 0.025000 0.027778
0 0.589453 0.265278 0.035156 0.027778
0 0.589844 0.411111 0.034375 0.030556
1 0.236328 0.492361 0.150781 0.054167
3 0.860156 0.350000 0.273438 0.352778
1 0.235547 0.462500 0.160156 0.061111
