1 0.949609 0.956250 0.099219 0.084722
1 0.728125 0.435417 0.125000 0.065278
2 0.020313 0.872917 0.040625 0.251389
2 0.080469 0.519444 0.160938 0.291667
2 0.196094 0.727778 0.245312 0.400000
1 0.186328 0.447917 0.113281 0.068056
1 0.205469 0.396528 0.150000 0.051389
1 0.187109 0.418750 0.110156 0.065278
2 0.324219 0.488889 0.171875 0.230556
2 0.462891 0.520833 0.183594 0.272222
2 0.320703 0.295833 0.175781 0.233333
2 0.010547 0.522222 0.021094 0.136111
2 0.101172 0.695833 0.202344 0.458333
1 0.241797 0.491667 0.002344 0.008333
1 0.235547 0.478472 0.007031 0.004167
1 0.165625 0.414583 0.001563 0.001389
1 0.167578 0.452083 0.000781 0.001389
1 0.434766 0.420833 0.052344 0.036111
5 0.612500 0.357639 0.054688 0.131944
0 0.996484 0.164583 0.005469 0.040278
0 0.994531 0.355556 0.009375 0.033333
1 0.535156 0.474306 0.164062 0.076389
1 0.534766 0.450694 0.157031 0.059722
