1 0.932031 0.715972 0.068750 0.037500
2 0.820703 0.651389 0.153906 0.175000
0 0.743750 0.505556 0.012500 0.002778
4 0.120313 0.696528 0.062500 0.020833
4 0.151953 0.684028 0.000781 0.004167
2 0.013672 0.386111 0.027344 0.705556
2 0.325391 0.446528 0.519531 0.740278
2 0.700391 0.511806 0.432031 0.570833
2 0.077344 0.350000 0.154688 0.419444
2 0.407422 0.588194 0.289844 0.376389
2 0.038672 0.671528 0.060156 0.181944
2 0.183594 0.644444 0.200000 0.125000
2 0.208594 0.300694 0.396875 0.601389
2 0.549609 0.379861 0.303906 0.481944
3 0.549609 0.617361 0.144531 0.259722
1 0.118359 0.601389 0.071094 0.030556
