2 0.085547 0.532639 0.171094 0.240278
2 0.045703 0.584028 0.091406 0.309722
0 0.044922 0.220139 0.049219 0.045833
2 0.158594 0.390972 0.139063 0.137500
2 0.290625 0.470139 0.193750 0.295833
2 0.338672 0.539583 0.141406 0.251389
2 0.371484 0.509722 0.117969 0.213889
2 0.337109 0.311806 0.142969 0.240278
2 0.216797 0.654861 0.255469 0.404167
1 0.744922 0.534028 0.139844 0.065278
1 0.744531 0.461111 0.129688 0.052778
1 0.744141 0.498611 0.130469 0.058333
2 0.785156 0.587500 0.173437 0.313889
2 0.835547 0.662500 0.246094 0.413889
2 0.782813 0.304861 0.187500 0.293056
2 0.263672 0.502083 0.116406 0.204167
2 0.213672 0.533333 0.158594 0.241667
2 0.267578 0.312500 0.128906 0.194444
2 0.128906 0.466667 0.209375 0.288889
2 0.078516 0.510417 0.157031 0.376389
1 0.882812 0.635417 0.118750 0.062500
1 0.864844 0.606250 0.151562 0.051389
1 0.885938 0.547222 0.145313 0.036111
1 0.867969 0.582639 0.157812 0.034722
1 0.969531 0.638889 0.059375 0.100000
1 0.977734 0.583333 0.042969 0.083333
