2 0.477734 0.556944 0.183594 0.283333
2 0.230469 0.464583 0.185938 0.026389
2 0.094141 0.620833 0.019531 0.325000
2 0.544922 0.325000 0.149219 0.202778
2 0.352734 0.334722 0.146094 0.202778
0 0.701562 0.156250 0.043750 0.037500
2 0.689063 0.426389 0.204687 0.263889
2 0.266016 0.663194 0.291406 0.470833
2 0.577734 0.750000 0.280469 0.433333
2 0.812500 0.699306 0.281250 0.404167
2 0.051953 0.801389 0.103906 0.394444
2 0.205859 0.396528 0.149219 0.156944
2 0.058984 0.439583 0.117969 0.220833
2 0.491016 0.734028 0.666406 0.529167
2 0.035547 0.771528 0.071094 0.454167
2 0.757031 0.596528 0.239063 0.318056
2 0.517578 0.670833 0.219531 0.333333
2 0.516406 0.375694 0.250000 0.340278
2 0.243359 0.426389 0.246094 0.105556
2 0.046875 0.533333 0.093750 0.272222
