2 0.484375 0.219444 0.168750 0.238889
2 0.650000 0.213194 0.175000 0.231944
2 0.651563 0.061111 0.176563 0.122222
1 0.861719 0.166667 0.176563 0.044444
1 0.865234 0.131250 0.186719 0.051389
1 0.908203 0.199306 0.078906 0.045833
1 0.865625 0.234722 0.159375 0.044444
1 0.858203 0.264583 0.171094 0.048611
1 0.857422 0.296528 0.169531 0.051389
1 0.801953 0.245139 0.207031 0.101389
1 0.805469 0.197222 0.196875 0.088889
1 0.797656 0.294444 0.192188 0.100000
1 0.796875 0.340278 0.203125 0.116667
1 0.793750 0.389583 0.189062 0.109722
1 0.793359 0.430556 0.200781 0.130556
1 0.427734 0.472917 0.244531 0.131944
2 0.129297 0.306944 0.188281 0.333333
2 0.874609 0.782639 0.249219 0.431944
