4 0.659375 0.996528 0.084375 0.004167
4 0.666016 0.911111 0.099219 0.175000
1 0.030469 0.857639 0.059375 0.020833
1 0.065234 0.765972 0.008594 0.001389
2 0.000391 0.863194 0.000781 0.029167
1 0.168750 0.786111 0.217188 0.050000
1 0.167578 0.743750 0.213281 0.045833
1 0.167187 0.828472 0.229687 0.059722
1 0.165625 0.874306 0.223438 0.059722
1 0.165234 0.915278 0.222656 0.063889
1 0.163281 0.956944 0.235937 0.075000
1 0.292578 0.931250 0.032031 0.051389
1 0.262891 0.852778 0.116406 0.050000
1 0.256250 0.892361 0.104688 0.048611
1 0.507812 0.982639 0.018750 0.031944
5 0.676562 0.800000 0.009375 0.025000
0 0.899219 0.791667 0.200000 0.413889
1 0.026953 0.923611 0.053906 0.080556
1 0.026562 0.861806 0.053125 0.073611
