1 0.848047 0.436111 0.022656 0.044444
4 0.847656 0.415972 0.006250 0.006944
4 0.850000 0.362500 0.010937 0.022222
4 0.854297 0.344444 0.017969 0.041667
2 0.622266 0.874306 0.419531 0.248611
2 0.933594 0.886111 0.131250 0.225000
2 0.174219 0.770139 0.348438 0.456944
2 0.888672 0.619444 0.221094 0.411111
2 0.601562 0.732639 0.267188 0.384722
2 0.319922 0.739583 0.277344 0.415278
1 0.595703 0.534722 0.163281 0.041667
2 0.791016 0.518056 0.189844 0.247222
2 0.942187 0.521528 0.114062 0.245833
2 0.798438 0.310417 0.195312 0.254167
2 0.219531 0.804861 0.346875 0.387500
2 0.608203 0.811111 0.325781 0.375000
2 0.900781 0.818750 0.196875 0.359722
1 0.613672 0.553472 0.097656 0.054167
1 0.485938 0.555556 0.101562 0.061111
1 0.728516 0.470833 0.102344 0.030556
5 0.767969 0.359722 0.057813 0.169444
1 0.873437 0.473611 0.029687 0.058333
1 0.875000 0.452778 0.031250 0.030556
