2 0.627734 0.836111 0.266406 0.325000
0 0.891406 0.464583 0.045312 0.015278
0 0.866406 0.574306 0.039062 0.020833
1 0.103125 0.767361 0.145313 0.040278
4 0.105469 0.731944 0.143750 0.047222
4 0.105469 0.697222 0.143750 0.044444
4 0.105859 0.663889 0.144531 0.044444
1 0.009375 0.771528 0.018750 0.034722
5 0.004687 0.654167 0.009375 0.044444
0 0.368750 0.443056 0.025000 0.036111
0 0.368750 0.540972 0.032813 0.026389
0 0.326172 0.542361 0.042969 0.026389
0 0.327734 0.715278 0.042969 0.030556
3 0.628125 0.613194 0.315625 0.412500
