1 0.720703 0.963194 0.388281 0.070833
2 0.668750 0.418750 0.132812 0.209722
2 0.603516 0.409722 0.211719 0.316667
2 0.496875 0.430556 0.265625 0.397222
2 0.427734 0.293056 0.138281 0.186111
2 0.317188 0.287500 0.178125 0.222222
0 0.623047 0.109722 0.046094 0.027778
2 0.933203 0.264583 0.132031 0.359722
2 0.953906 0.463194 0.090625 0.104167
2 0.967969 0.429167 0.062500 0.036111
2 0.969141 0.075000 0.060156 0.083333
2 0.900391 0.450694 0.197656 0.473611
2 0.192969 0.393750 0.204687 0.254167
2 0.085938 0.406250 0.171875 0.304167
2 0.866406 0.444444 0.128125 0.086111
2 0.836719 0.468056 0.142187 0.133333
2 0.874609 0.091667 0.130469 0.088889
2 0.773828 0.267361 0.192969 0.340278
2 0.691797 0.252778 0.282031 0.444444
