2 0.360547 0.296528 0.139844 0.195833
2 0.491016 0.287500 0.138281 0.186111
2 0.490625 0.127083 0.140625 0.179167
1 0.651953 0.343750 0.130469 0.051389
2 0.897266 0.231250 0.166406 0.198611
3 0.913672 0.251389 0.171094 0.466667
1 0.603906 0.411111 0.132812 0.086111
1 0.603906 0.446528 0.140625 0.090278
1 0.347266 0.488889 0.178906 0.100000
2 0.098047 0.377778 0.128906 0.266667
2 0.983203 0.455556 0.025781 0.013889
2 0.881250 0.708333 0.235937 0.580556
2 0.682813 0.735417 0.200000 0.526389
2 0.014063 0.796528 0.028125 0.404167
2 0.001172 0.533333 0.002344 0.052778
2 0.871875 0.472222 0.153125 0.033333
