2 0.442969 0.376389 0.078125 0.186111
2 0.279687 0.362500 0.139063 0.119444
2 0.094922 0.391667 0.183594 0.222222
2 0.438281 0.295139 0.085938 0.159722
0 0.725391 0.100694 0.033594 0.026389
2 0.262109 0.285417 0.213281 0.290278
2 0.511328 0.413194 0.172656 0.281944
2 0.750391 0.400000 0.196094 0.258333
2 0.077734 0.417361 0.155469 0.293056
2 0.292187 0.362500 0.092188 0.119444
2 0.182422 0.329861 0.107031 0.090278
1 0.656250 0.478472 0.376563 0.104167
2 0.243359 0.509028 0.391406 0.531944
2 0.022656 0.475694 0.045312 0.456944
2 0.239063 0.135417 0.393750 0.270833
2 0.712891 0.470139 0.022656 0.012500
2 0.501172 0.403472 0.174219 0.240278
2 0.511719 0.143056 0.176563 0.233333
2 0.273828 0.400694 0.174219 0.256944
2 0.086719 0.400000 0.173437 0.255556
1 0.741016 0.631944 0.450781 0.238889
1 0.739844 0.733333 0.448437 0.266667
1 0.735938 0.844444 0.418750 0.275000
1 0.932031 0.821528 0.134375 0.195833
