2 0.282813 0.751389 0.565625 0.494444
2 0.775781 0.750000 0.446875 0.497222
2 0.573047 0.386111 0.649219 0.619444
2 0.051172 0.577778 0.102344 0.166667
2 0.096484 0.436806 0.002344 0.020833
2 0.878906 0.497917 0.240625 0.009722
1 0.007812 0.645833 0.015625 0.030556
2 0.287891 0.559028 0.278906 0.134722
2 0.602344 0.506944 0.248438 0.030556
2 0.288281 0.304167 0.278125 0.408333
2 0.601953 0.326389 0.247656 0.361111
2 0.062109 0.565972 0.088281 0.137500
2 0.050391 0.252778 0.100781 0.505556
2 0.656641 0.472222 0.685156 0.944444
5 0.248828 0.572917 0.003906 0.104167
0 0.730469 0.500000 0.007812 0.005556
0 0.721875 0.318056 0.018750 0.036111
3 0.953516 0.400000 0.091406 0.188889
