1 0.629687 0.481944 0.098437 0.036111
4 0.633594 0.442361 0.096875 0.048611
4 0.633594 0.403472 0.096875 0.045833
4 0.633594 0.367361 0.096875 0.045833
2 0.126562 0.725000 0.253125 0.547222
2 0.250000 0.681944 0.454688 0.633333
2 0.494141 0.492361 0.147656 0.331944
2 0.191016 0.063889 0.257031 0.063889
2 0.442578 0.178472 0.252344 0.337500
2 0.210938 0.495139 0.421875 0.970833
0 0.927734 0.120833 0.039844 0.041667
0 0.931250 0.334028 0.032813 0.031944
1 0.578516 0.454861 0.022656 0.059722
1 0.576172 0.413889 0.017969 0.052778
