1 0.944922 0.803472 0.050781 0.184722
2 0.054688 0.305556 0.098437 0.180556
2 0.023828 0.326389 0.047656 0.152778
2 0.019141 0.177083 0.038281 0.129167
0 0.112109 0.050694 0.035156 0.023611
2 0.165234 0.197222 0.122656 0.138889
2 0.124219 0.306944 0.167187 0.227778
2 0.230469 0.330556 0.134375 0.202778
2 0.294531 0.282639 0.117188 0.159722
2 0.059375 0.445833 0.118750 0.272222
1 0.488672 0.356944 0.119531 0.041667
2 0.424219 0.422222 0.154688 0.225000
2 0.338281 0.517361 0.182812 0.298611
2 0.423828 0.236111 0.155469 0.241667
2 0.333984 0.287500 0.191406 0.286111
2 0.248438 0.270139 0.093750 0.156944
2 0.157031 0.322222 0.129688 0.191667
2 0.060937 0.384028 0.121875 0.176389
2 0.012500 0.390972 0.025000 0.170833
1 0.625391 0.410417 0.108594 0.076389
1 0.625000 0.443750 0.107813 0.065278
1 0.623437 0.472222 0.109375 0.066667
1 0.690234 0.431944 0.025781 0.055556
1 0.790234 0.614583 0.136719 0.123611
5 0.984375 0.544444 0.029687 0.291667
1 0.483984 0.546528 0.166406 0.109722
3 0.784766 0.901389 0.428906 0.194444
1 0.483203 0.507639 0.178906 0.118056
