2 0.303125 0.865278 0.259375 0.230556
2 0.081250 0.793056 0.162500 0.375000
2 0.623437 0.447917 0.160938 0.090278
2 0.381641 0.502083 0.172656 0.204167
0 0.764844 0.295139 0.043750 0.040278
2 0.635156 0.654861 0.267188 0.376389
2 0.197656 0.873611 0.395313 0.250000
2 0.603906 0.913194 0.412500 0.170833
2 0.197656 0.593750 0.395313 0.565278
2 0.606250 0.602083 0.425000 0.581944
2 0.219531 0.565972 0.181250 0.151389
2 0.073828 0.590278 0.147656 0.213889
2 0.651953 0.832639 0.322656 0.331944
2 0.257031 0.856250 0.334375 0.284722
2 0.251172 0.519444 0.346094 0.430556
2 0.054297 0.826389 0.108594 0.344444
