2 0.960938 0.635417 0.076563 0.215278
4 0.151562 0.668056 0.017188 0.008333
4 0.118359 0.626389 0.077344 0.047222
4 0.118359 0.588194 0.078906 0.062500
2 0.500000 0.803472 0.500000 0.390278
2 0.137891 0.675000 0.275781 0.647222
2 0.796875 0.862500 0.389062 0.272222
2 0.127734 0.812500 0.255469 0.341667
2 0.356250 0.765972 0.256250 0.320833
2 0.291797 0.675694 0.583594 0.645833
2 0.782422 0.955556 0.360156 0.086111
2 0.913672 0.904167 0.171094 0.188889
0 0.403125 0.340278 0.026562 0.025000
0 0.408984 0.520139 0.021094 0.029167
1 0.316797 0.730556 0.130469 0.091667
3 0.611719 0.490278 0.212500 0.325000
1 0.267578 0.697222 0.216406 0.066667
