2 0.021094 0.340972 0.042188 0.351389
2 0.018359 0.418056 0.036719 0.469444
2 0.014453 0.550694 0.028906 0.679167
2 0.018359 0.163194 0.036719 0.251389
2 0.388672 0.222222 0.247656 0.416667
2 0.317188 0.322222 0.184375 0.327778
2 0.257812 0.268056 0.118750 0.238889
2 0.275000 0.079167 0.162500 0.158333
2 0.501563 0.488194 0.343750 0.590278
1 0.705469 0.281250 0.112500 0.062500
2 0.877734 0.329861 0.242969 0.340278
2 0.955859 0.354167 0.086719 0.355556
2 0.966797 0.097917 0.064844 0.195833
2 0.127344 0.270833 0.137500 0.241667
2 0.149219 0.317361 0.176563 0.312500
2 0.176563 0.387500 0.231250 0.419444
2 0.222266 0.531944 0.328906 0.661111
1 0.735938 0.347222 0.042188 0.044444
