1 0.997266 0.513194 0.003906 0.037500
1 0.269922 0.409722 0.175781 0.044444
1 0.264844 0.326389 0.168750 0.041667
1 0.259766 0.368750 0.157031 0.040278
2 0.378125 0.426389 0.228125 0.325000
2 0.527734 0.443750 0.302344 0.404167
2 0.532422 0.139583 0.292969 0.279167
1 0.410156 0.494444 0.151562 0.038889
1 0.367578 0.492361 0.157031 0.037500
1 0.367969 0.425000 0.159375 0.036111
1 0.368359 0.461111 0.158594 0.041667
1 0.839844 0.500000 0.210938 0.052778
5 0.922266 0.422222 0.092969 0.186111
1 0.701172 0.429861 0.257031 0.059722
1 0.702734 0.377083 0.272656 0.056944
