1 0.930859 0.948611 0.136719 0.100000
1 0.898047 0.688889 0.142969 0.047222
4 0.900781 0.655556 0.142187 0.050000
4 0.901172 0.620833 0.141406 0.047222
4 0.901172 0.585417 0.141406 0.051389
2 0.009375 0.823611 0.018750 0.350000
2 0.127734 0.611111 0.200781 0.275000
2 0.053906 0.675000 0.107813 0.233333
2 0.021875 0.649306 0.043750 0.170833
2 0.063281 0.461111 0.126562 0.227778
2 0.239063 0.763194 0.232813 0.351389
1 0.315234 0.629861 0.094531 0.043056
2 0.441797 0.653472 0.163281 0.223611
2 0.565234 0.679167 0.191406 0.252778
2 0.043750 0.726389 0.087500 0.288889
2 0.105859 0.800694 0.211719 0.395833
1 0.335547 0.677778 0.049219 0.036111
5 0.775000 0.593056 0.079687 0.172222
1 0.657031 0.654167 0.173437 0.058333
1 0.656641 0.625000 0.164844 0.047222
