1 0.381641 0.935417 0.380469 0.126389
1 0.533594 0.997917 0.007812 0.001389
2 0.901563 0.831944 0.195312 0.333333
1 0.831641 0.608333 0.155469 0.058333
4 0.833594 0.573611 0.146875 0.061111
4 0.833984 0.536806 0.147656 0.056944
4 0.834766 0.499306 0.147656 0.062500
2 0.021875 0.504167 0.043750 0.244444
2 0.002734 0.615278 0.005469 0.019444
2 0.037891 0.644444 0.075781 0.297222
1 0.258594 0.522917 0.112500 0.045833
2 0.318750 0.552778 0.139063 0.219444
2 0.393750 0.588194 0.162500 0.254167
1 0.296094 0.568750 0.037500 0.029167
1 0.651172 0.586806 0.125781 0.051389
5 0.742188 0.497917 0.064062 0.179167
1 0.532031 0.568750 0.114062 0.054167
1 0.531250 0.542361 0.112500 0.045833
