2 0.064844 0.897222 0.035937 0.011111
0 0.064844 0.637500 0.034375 0.019444
2 0.112891 0.736806 0.117969 0.065278
2 0.077344 0.804861 0.154688 0.201389
2 0.171094 0.864583 0.140625 0.184722
2 0.228906 0.848611 0.090625 0.163889
2 0.244141 0.700000 0.121094 0.155556
2 0.025000 0.894444 0.050000 0.208333
2 0.231641 0.904167 0.071094 0.188889
2 0.380859 0.625000 0.150781 0.077778
2 0.195703 0.805556 0.088281 0.080556
2 0.105469 0.861111 0.117188 0.177778
2 0.177734 0.697917 0.108594 0.143056
2 0.035156 0.715278 0.068750 0.005556
5 0.969531 0.926389 0.057813 0.144444
3 0.499609 0.499306 0.999219 0.998611
