2 0.762891 0.543750 0.074219 0.118056
2 0.589453 0.477778 0.169531 0.208333
2 0.419531 0.490278 0.189062 0.247222
2 0.735938 0.495139 0.018750 0.018056
2 0.596094 0.421528 0.121875 0.165278
2 0.723047 0.367361 0.225781 0.287500
2 0.887500 0.529861 0.132812 0.154167
2 0.510156 0.487500 0.248438 0.325000
2 0.481250 0.484028 0.132812 0.151389
2 0.347266 0.493056 0.135156 0.177778
2 0.976562 0.643750 0.045312 0.134722
2 0.797266 0.475694 0.403906 0.620833
2 0.845313 0.511111 0.198437 0.200000
2 0.660937 0.488194 0.212500 0.259722
2 0.458984 0.489583 0.214844 0.281944
1 0.893750 0.464583 0.210938 0.134722
1 0.894141 0.335417 0.210156 0.162500
