3 0.298438 0.572917 0.596875 0.851389
1 0.985547 0.970833 0.027344 0.055556
1 0.818359 0.722917 0.125781 0.040278
4 0.820312 0.694444 0.118750 0.041667
4 0.820312 0.663194 0.118750 0.040278
4 0.820312 0.631944 0.118750 0.047222
2 0.039062 0.847222 0.078125 0.300000
2 0.116406 0.861806 0.232813 0.273611
2 0.212891 0.690278 0.199219 0.261111
2 0.087500 0.756944 0.175000 0.219444
2 0.030469 0.650694 0.046875 0.034722
2 0.038672 0.536806 0.077344 0.179167
2 0.347266 0.800000 0.216406 0.258333
1 0.310937 0.690278 0.003125 0.016667
2 0.450391 0.706250 0.144531 0.198611
2 0.576562 0.734028 0.164062 0.220833
2 0.035937 0.767361 0.071875 0.226389
2 0.036328 0.555556 0.072656 0.219444
2 0.101953 0.818750 0.203906 0.298611
2 0.216406 0.844444 0.193750 0.308333
1 0.311719 0.722222 0.001563 0.002778
1 0.564063 0.700000 0.081250 0.027778
5 0.705078 0.638194 0.067969 0.151389
1 0.653906 0.704167 0.114062 0.052778
1 0.653906 0.681944 0.114062 0.038889
