2 0.612109 0.679167 0.158594 0.225000
2 0.507422 0.716667 0.189844 0.263889
2 0.375391 0.778472 0.236719 0.343056
2 0.433594 0.547917 0.131250 0.148611
2 0.317188 0.572917 0.153125 0.190278
0 0.601172 0.383333 0.041406 0.041667
2 0.692969 0.573611 0.134375 0.188889
2 0.779297 0.654861 0.208594 0.309722
2 0.849609 0.722222 0.163281 0.272222
2 0.899609 0.686806 0.139844 0.234722
2 0.850781 0.489583 0.164062 0.248611
2 0.900391 0.483333 0.141406 0.216667
2 0.680078 0.815972 0.257031 0.365278
2 0.203906 0.672222 0.176563 0.225000
2 0.082031 0.704861 0.164062 0.259722
2 0.782031 0.598611 0.107813 0.075000
2 0.719141 0.701389 0.161719 0.255556
2 0.796484 0.475694 0.136719 0.190278
2 0.633984 0.743056 0.192969 0.300000
2 0.513281 0.808333 0.246875 0.377778
