1 0.246875 0.538194 0.392188 0.098611
1 0.236719 0.637500 0.373437 0.094444
1 0.450391 0.606944 0.230469 0.038889
2 0.807422 0.509028 0.232031 0.318056
2 0.016797 0.545139 0.033594 0.193056
2 0.084766 0.536806 0.169531 0.215278
2 0.018359 0.359028 0.036719 0.198611
2 0.085547 0.338889 0.171094 0.233333
1 0.014844 0.590972 0.010937 0.020833
5 0.276953 0.535417 0.063281 0.109722
0 0.613672 0.495833 0.016406 0.025000
0 0.607422 0.329167 0.033594 0.038889
1 0.122266 0.549306 0.008594 0.020833
3 0.878125 0.443750 0.242188 0.390278
1 0.103906 0.502778 0.039062 0.002778
