2 0.339844 0.705556 0.167187 0.177778
2 0.481250 0.696528 0.129688 0.170833
2 0.341406 0.506250 0.167187 0.151389
1 0.599219 0.655556 0.064062 0.008333
1 0.596094 0.638889 0.087500 0.033333
1 0.624609 0.783333 0.105469 0.013889
2 0.875781 0.607639 0.156250 0.134722
3 0.930859 0.581250 0.136719 0.437500
1 0.700781 0.615278 0.193750 0.052778
1 0.702344 0.585417 0.182812 0.040278
1 0.699219 0.650000 0.182812 0.036111
1 0.672266 0.783333 0.136719 0.013889
1 0.503906 0.786806 0.176563 0.015278
2 0.124609 0.672222 0.197656 0.302778
2 0.732812 0.499306 0.532813 0.998611
2 0.826953 0.050694 0.342969 0.101389
1 0.448047 0.292361 0.896094 0.584722
1 0.459375 0.191667 0.851562 0.383333
