1 0.538672 0.497222 0.146094 0.066667
4 0.541016 0.463194 0.138281 0.068056
4 0.541016 0.429167 0.138281 0.063889
4 0.541016 0.385417 0.139844 0.087500
2 0.067578 0.608333 0.135156 0.319444
2 0.175781 0.690972 0.232813 0.312500
2 0.164062 0.437500 0.242188 0.336111
1 0.057813 0.565972 0.115625 0.120833
1 0.019531 0.516667 0.039062 0.027778
1 0.164453 0.461111 0.024219 0.019444
5 0.413281 0.372222 0.084375 0.197222
0 0.831641 0.195139 0.042969 0.051389
0 0.796484 0.381944 0.050781 0.088889
1 0.296094 0.595833 0.162500 0.086111
3 0.968359 0.643750 0.061719 0.070833
1 0.296875 0.563194 0.157812 0.084722
