2 0.579297 0.413194 0.119531 0.068056
2 0.688281 0.409722 0.117188 0.063889
2 0.580859 0.313194 0.121094 0.148611
2 0.688281 0.313194 0.121875 0.145833
1 0.853906 0.499306 0.062500 0.018056
2 0.986328 0.393750 0.025781 0.148611
2 0.395313 0.484028 0.103125 0.190278
0 0.099609 0.258333 0.039844 0.027778
0 0.008984 0.336806 0.017969 0.023611
2 0.933594 0.488194 0.131250 0.101389
1 0.667578 0.916667 0.383594 0.163889
1 0.744531 0.821528 0.509375 0.354167
1 0.744531 0.870139 0.509375 0.256944
2 0.509375 0.749306 0.246875 0.498611
2 0.444531 0.680556 0.204687 0.450000
2 0.566797 0.283333 0.366406 0.566667
1 0.185156 0.684722 0.228125 0.147222
1 0.184766 0.631250 0.211719 0.109722
