3 0.162500 0.549306 0.325000 0.898611
2 0.621875 0.247917 0.118750 0.243056
2 0.644922 0.320833 0.153906 0.291667
2 0.686719 0.414583 0.178125 0.359722
2 0.269141 0.118056 0.108594 0.202778
2 0.234375 0.170833 0.134375 0.244444
2 0.595703 0.118056 0.108594 0.202778
2 0.913672 0.218056 0.171094 0.283333
2 0.845313 0.243056 0.148438 0.238889
2 0.799219 0.195833 0.125000 0.208333
2 0.941016 0.405556 0.116406 0.352778
2 0.142578 0.336111 0.057031 0.236111
2 0.144922 0.408333 0.060156 0.336111
2 0.698047 0.193056 0.111719 0.200000
2 0.736328 0.245833 0.133594 0.241667
2 0.702344 0.059028 0.110937 0.118056
2 0.778906 0.315972 0.173437 0.290278
2 0.849609 0.410417 0.208594 0.356944
