2 0.117578 0.949306 0.147656 0.098611
2 0.148047 0.937500 0.105469 0.122222
2 0.052344 0.931944 0.017188 0.133333
2 0.244531 0.908333 0.087500 0.180556
2 0.030859 0.861111 0.061719 0.275000
2 0.178125 0.929167 0.221875 0.138889
2 0.363672 0.927778 0.175781 0.058333
2 0.196094 0.740278 0.242188 0.322222
1 0.447656 0.970833 0.362500 0.055556
1 0.450000 0.844444 0.340625 0.097222
1 0.449219 0.914583 0.343750 0.087500
2 0.162891 0.840972 0.325781 0.315278
2 0.261328 0.951389 0.027344 0.094444
2 0.145703 0.939583 0.202344 0.118056
