2 0.429297 0.364583 0.127344 0.190278
2 0.564844 0.374306 0.125000 0.176389
2 0.427734 0.206944 0.130469 0.188889
2 0.566016 0.209028 0.127344 0.190278
1 0.737891 0.447917 0.128906 0.062500
2 0.953516 0.362500 0.091406 0.197222
3 0.877344 0.463889 0.243750 0.541667
1 0.550781 0.595833 0.125000 0.127778
1 0.272656 0.567361 0.181250 0.095833
1 0.273438 0.604861 0.171875 0.084722
2 0.129688 0.438194 0.146875 0.243056
2 0.693359 0.907639 0.225781 0.181944
2 0.108203 0.969444 0.216406 0.058333
2 0.189453 0.903472 0.261719 0.190278
2 0.423828 0.904861 0.232031 0.187500
