1 0.544531 0.578472 0.056250 0.048611
2 0.127344 0.833333 0.254688 0.330556
2 0.376172 0.900000 0.266406 0.197222
1 0.075000 0.711806 0.150000 0.073611
2 0.240234 0.712500 0.188281 0.261111
2 0.428906 0.717361 0.171875 0.262500
2 0.235937 0.506250 0.192188 0.254167
2 0.427344 0.509722 0.175000 0.255556
2 0.097656 0.956944 0.195312 0.083333
2 0.358984 0.961111 0.296094 0.075000
1 0.111719 0.730556 0.076563 0.047222
1 0.030859 0.747917 0.052344 0.001389
1 0.338672 0.625694 0.013281 0.029167
0 0.766016 0.302083 0.022656 0.034722
0 0.768750 0.465278 0.017188 0.027778
1 0.445312 0.649306 0.150000 0.073611
3 0.933203 0.465972 0.132031 0.343056
1 0.444531 0.624306 0.143750 0.056944
