2 0.993359 0.666667 0.011719 0.200000
2 0.992969 0.671528 0.012500 0.215278
2 0.982422 0.384722 0.033594 0.366667
3 0.499609 0.499306 0.999219 0.998611
1 0.325391 0.953472 0.328906 0.090278
1 0.252344 0.681250 0.173437 0.126389
1 0.251563 0.736806 0.175000 0.131944
1 0.251563 0.784722 0.160938 0.136111
2 0.477344 0.592361 0.168750 0.270833
0 0.584766 0.293056 0.035156 0.011111
0 0.555078 0.371528 0.032031 0.020833
0 0.123828 0.255556 0.030469 0.033333
0 0.133984 0.426389 0.024219 0.027778
3 0.363672 0.403472 0.252344 0.334722
