1 0.738672 0.775694 0.132031 0.031944
4 0.737500 0.739583 0.131250 0.037500
4 0.765234 0.702778 0.074219 0.036111
4 0.764062 0.668750 0.075000 0.040278
2 0.073047 0.621528 0.146094 0.712500
2 0.086719 0.502083 0.173437 0.390278
2 0.260937 0.668750 0.365625 0.470833
1 0.161328 0.686111 0.100781 0.019444
1 0.225391 0.604861 0.072656 0.023611
1 0.185547 0.663194 0.147656 0.020833
2 0.324219 0.675694 0.209375 0.226389
2 0.516016 0.690278 0.217969 0.280556
2 0.324609 0.453472 0.211719 0.268056
2 0.012109 0.502778 0.024219 0.388889
2 0.169141 0.402778 0.338281 0.594444
1 0.103516 0.800694 0.028906 0.001389
1 0.150391 0.730556 0.128906 0.011111
1 0.151172 0.749306 0.127344 0.023611
1 0.657813 0.764583 0.137500 0.031944
0 0.991797 0.611111 0.014844 0.066667
1 0.573047 0.694444 0.182031 0.036111
1 0.573047 0.658333 0.180469 0.038889
