2 0.692969 0.377083 0.145313 0.165278
2 0.458984 0.311806 0.232031 0.315278
2 0.240234 0.300000 0.280469 0.361111
2 0.569531 0.244444 0.140625 0.147222
2 0.398828 0.245833 0.164844 0.172222
0 0.748437 0.052778 0.048438 0.047222
2 0.810547 0.222917 0.177344 0.248611
2 0.711328 0.163194 0.328906 0.326389
2 0.879687 0.301389 0.207813 0.355556
2 0.956641 0.320139 0.053906 0.281944
2 0.887109 0.093056 0.217969 0.186111
2 0.963672 0.095833 0.063281 0.191667
2 0.451172 0.261806 0.385156 0.512500
2 0.253906 0.315278 0.178125 0.180556
2 0.085547 0.329167 0.171094 0.241667
2 0.973828 0.315278 0.050781 0.630556
2 0.890625 0.319444 0.134375 0.263889
2 0.770703 0.325000 0.249219 0.286111
2 0.575391 0.300000 0.275781 0.361111
2 0.329297 0.284028 0.324219 0.426389
