3 0.531641 0.499306 0.935156 0.998611
1 0.644922 0.972222 0.100781 0.052778
2 0.891797 0.615278 0.214844 0.038889
0 0.992188 0.416667 0.014063 0.011111
0 0.963672 0.506944 0.039844 0.019444
1 0.280078 0.685417 0.052344 0.037500
2 0.054688 0.714583 0.109375 0.268056
2 0.049219 0.475694 0.098437 0.256944
0 0.496484 0.387500 0.019531 0.033333
0 0.496484 0.476389 0.024219 0.025000
0 0.456250 0.477083 0.035937 0.023611
0 0.458203 0.633333 0.035156 0.027778
1 0.051953 0.686806 0.103906 0.034722
3 0.782031 0.497917 0.201563 0.273611
1 0.051953 0.650000 0.103906 0.038889
