1 0.724609 0.904861 0.094531 0.009722
4 0.750391 0.806944 0.135156 0.027778
4 0.756641 0.775694 0.122656 0.040278
2 0.184375 0.581250 0.368750 0.834722
2 0.678906 0.567361 0.640625 0.862500
2 0.275781 0.618750 0.475000 0.651389
2 0.769922 0.784722 0.458594 0.427778
2 0.428516 0.824306 0.227344 0.306944
2 0.708984 0.833333 0.247656 0.330556
2 0.314063 0.740278 0.287500 0.516667
2 0.760938 0.735417 0.476562 0.526389
5 0.575391 0.804167 0.019531 0.197222
1 0.719531 0.825694 0.157812 0.043056
1 0.726953 0.784028 0.141406 0.040278
