1 0.939453 0.983333 0.119531 0.030556
1 0.737109 0.684028 0.138281 0.043056
4 0.739453 0.652083 0.130469 0.045833
4 0.739453 0.618056 0.130469 0.044444
4 0.739453 0.583333 0.130469 0.050000
2 0.042969 0.517361 0.085938 0.045833
2 0.120703 0.805556 0.241406 0.383333
1 0.186328 0.636806 0.152344 0.043056
1 0.186328 0.586806 0.160156 0.040278
1 0.186328 0.613194 0.160156 0.051389
2 0.299219 0.668750 0.173437 0.231944
2 0.435156 0.693056 0.190625 0.255556
2 0.298828 0.471528 0.174219 0.215278
2 0.434766 0.476389 0.191406 0.236111
2 0.048047 0.690972 0.096094 0.365278
1 0.300000 0.668750 0.123438 0.054167
1 0.289844 0.693750 0.103125 0.045833
1 0.266406 0.631944 0.042188 0.030556
1 0.275000 0.643750 0.025000 0.012500
1 0.590625 0.682639 0.135937 0.040278
5 0.628906 0.568056 0.035937 0.044444
0 0.997656 0.370139 0.003125 0.037500
0 0.976562 0.550000 0.045312 0.069444
1 0.535937 0.663889 0.129688 0.052778
1 0.518750 0.634028 0.162500 0.045833
