1 0.977734 0.493750 0.042969 0.040278
4 0.985547 0.452083 0.027344 0.045833
4 0.990234 0.409028 0.017969 0.043056
4 0.969922 0.365278 0.058594 0.044444
2 0.116406 0.309722 0.232813 0.450000
2 0.005078 0.312500 0.010156 0.033333
2 0.006641 0.147917 0.013281 0.295833
2 0.267969 0.585417 0.437500 0.601389
1 0.328125 0.423611 0.192188 0.047222
1 0.327734 0.343750 0.192969 0.040278
1 0.327734 0.383333 0.192969 0.044444
2 0.485156 0.447222 0.232813 0.297222
2 0.689453 0.468750 0.278906 0.345833
2 0.693750 0.154861 0.278125 0.309722
2 0.126172 0.330556 0.252344 0.661111
1 0.455078 0.468750 0.174219 0.054167
1 0.471484 0.493750 0.138281 0.040278
1 0.332813 0.493056 0.071875 0.036111
1 0.369531 0.429167 0.146875 0.041667
1 0.369531 0.461806 0.146875 0.043056
1 0.883203 0.494444 0.188281 0.047222
1 0.782813 0.442361 0.228125 0.056944
1 0.784766 0.396528 0.241406 0.054167
