2 0.973437 0.907639 0.051562 0.181944
1 0.490234 0.623611 0.119531 0.063889
2 0.023438 0.934722 0.046875 0.127778
1 0.010547 0.684028 0.021094 0.034722
2 0.081250 0.725694 0.162500 0.268056
2 0.214453 0.760417 0.197656 0.287500
1 0.067578 0.654861 0.111719 0.090278
1 0.062109 0.685417 0.124219 0.084722
1 0.060937 0.711806 0.115625 0.087500
1 0.396875 0.654167 0.046875 0.055556
5 0.374219 0.506250 0.073438 0.120833
0 0.739453 0.357639 0.032031 0.040278
0 0.737500 0.448611 0.029687 0.036111
0 0.696094 0.445833 0.040625 0.033333
0 0.694922 0.603472 0.039844 0.037500
1 0.292969 0.700000 0.160938 0.069444
3 0.919531 0.566667 0.159375 0.402778
1 0.292578 0.670139 0.171094 0.073611
