2 0.115625 0.963194 0.231250 0.070833
2 0.034375 0.843056 0.068750 0.311111
2 0.808203 0.853472 0.382031 0.290278
2 0.445703 0.825000 0.147656 0.072222
2 0.327344 0.787500 0.242188 0.111111
1 0.810547 0.857639 0.211719 0.073611
1 0.817187 0.770139 0.226562 0.076389
1 0.810156 0.796528 0.212500 0.079167
2 0.957031 0.852083 0.084375 0.276389
2 0.120703 0.901389 0.241406 0.194444
2 0.293750 0.952778 0.278125 0.091667
2 0.136328 0.675000 0.272656 0.425000
2 0.334375 0.739583 0.389062 0.518056
2 0.685937 0.882639 0.518750 0.231944
2 0.955469 0.959722 0.087500 0.077778
1 0.746875 0.843056 0.007812 0.002778
1 0.749219 0.843750 0.012500 0.004167
