1 0.032422 0.558333 0.064844 0.036111
1 0.030859 0.528472 0.061719 0.040278
1 0.030469 0.584722 0.060937 0.033333
1 0.030859 0.610417 0.061719 0.034722
1 0.032813 0.629167 0.065625 0.041667
1 0.025000 0.636806 0.021875 0.012500
2 0.217969 0.521528 0.131250 0.170833
3 0.266406 0.529861 0.207813 0.393056
2 0.531250 0.933333 0.190625 0.130556
2 0.445703 0.873611 0.224219 0.250000
2 0.279297 0.837500 0.149219 0.322222
2 0.948438 0.725000 0.101562 0.358333
2 0.962891 0.905556 0.072656 0.097222
2 0.021875 0.879861 0.043750 0.237500
2 0.835156 0.821528 0.262500 0.354167
2 0.650391 0.754861 0.222656 0.312500
2 0.376563 0.986111 0.067187 0.025000
2 0.791406 0.749306 0.415625 0.498611
2 0.170313 0.815972 0.340625 0.365278
2 0.074219 0.637500 0.148438 0.125000
