2 0.035547 0.441667 0.071094 0.236111
2 0.080859 0.427083 0.161719 0.234722
2 0.206250 0.568056 0.189062 0.366667
2 0.121094 0.665972 0.242188 0.548611
2 0.037500 0.402778 0.075000 0.194444
1 0.568359 0.523611 0.141406 0.083333
1 0.568359 0.568750 0.141406 0.084722
1 0.569922 0.613194 0.146094 0.093056
1 0.648828 0.568750 0.021094 0.068056
1 0.582422 0.490278 0.155469 0.061111
1 0.649219 0.529861 0.021875 0.065278
1 0.899219 0.815278 0.200000 0.230556
1 0.341016 0.679861 0.316406 0.190278
1 0.339453 0.609028 0.317969 0.168056
