2 0.499609 0.499306 0.999219 0.998611
2 0.850391 0.493056 0.297656 0.455556
4 0.790625 0.714583 0.020313 0.001389
4 0.728125 0.695139 0.148438 0.037500
4 0.727734 0.660417 0.147656 0.040278
1 0.090234 0.684722 0.053906 0.016667
1 0.091016 0.634028 0.052344 0.037500
1 0.090625 0.663194 0.053125 0.034722
2 0.190234 0.638194 0.150781 0.120833
2 0.267578 0.627083 0.177344 0.148611
2 0.187891 0.488889 0.157031 0.227778
2 0.270703 0.456250 0.174219 0.265278
5 0.621094 0.679861 0.065625 0.062500
0 0.972266 0.359722 0.002344 0.041667
0 0.974609 0.475000 0.003906 0.022222
0 0.940625 0.481944 0.051562 0.022222
0 0.952344 0.704167 0.060937 0.033333
1 0.342969 0.684722 0.050000 0.033333
1 0.393750 0.651389 0.153125 0.041667
