2 0.254297 0.698611 0.177344 0.122222
2 0.117188 0.766667 0.037500 0.236111
2 0.424219 0.568056 0.121875 0.183333
2 0.242578 0.572222 0.130469 0.180556
0 0.537500 0.411806 0.031250 0.031944
2 0.483594 0.772917 0.150000 0.045833
2 0.051172 0.808333 0.102344 0.361111
2 0.256641 0.863889 0.232031 0.269444
2 0.497266 0.863194 0.227344 0.270833
2 0.497266 0.625694 0.230469 0.329167
2 0.103906 0.650000 0.142187 0.191667
2 0.016016 0.607639 0.032031 0.093056
2 0.501953 0.852083 0.191406 0.206944
2 0.256250 0.721528 0.201563 0.084722
2 0.498437 0.468750 0.201563 0.054167
2 0.063281 0.845833 0.126562 0.305556
