1 0.051562 0.642361 0.103125 0.059722
1 0.050000 0.670833 0.100000 0.052778
2 0.255469 0.522222 0.121875 0.161111
3 0.358984 0.533333 0.175781 0.369444
1 0.148438 0.744444 0.165625 0.080556
1 0.048438 0.805556 0.096875 0.111111
1 0.045312 0.848611 0.090625 0.102778
2 0.691406 0.720139 0.173437 0.268056
2 0.985938 0.527778 0.026562 0.125000
2 0.887109 0.738889 0.224219 0.366667
2 0.647656 0.825000 0.223438 0.347222
2 0.896484 0.559028 0.135156 0.056944
2 0.750391 0.568056 0.130469 0.088889
2 0.755078 0.955556 0.038281 0.086111
2 0.646875 0.950000 0.087500 0.097222
2 0.894922 0.909028 0.207031 0.090278
2 0.670703 0.751389 0.200781 0.272222
