1 0.365234 0.584028 0.063281 0.034722
4 0.364063 0.547917 0.068750 0.040278
4 0.364063 0.511111 0.068750 0.038889
4 0.362891 0.464583 0.069531 0.059722
2 0.164844 0.932639 0.329688 0.131944
2 0.038281 0.749306 0.076563 0.362500
2 0.203516 0.740972 0.252344 0.365278
2 0.033594 0.459722 0.067187 0.355556
1 0.070312 0.643056 0.114062 0.041667
0 0.618359 0.229167 0.025781 0.038889
0 0.616797 0.328472 0.033594 0.031944
0 0.573047 0.329861 0.042969 0.031944
0 0.573828 0.504861 0.041406 0.034722
1 0.230078 0.667361 0.196094 0.070833
3 0.868750 0.404861 0.260937 0.395833
1 0.230078 0.612500 0.207031 0.097222
