2 0.496094 0.441667 0.131250 0.183333
2 0.625391 0.452083 0.128906 0.184722
2 0.626953 0.291667 0.130469 0.180556
1 0.802344 0.538194 0.134375 0.065278
2 0.979688 0.450000 0.039062 0.238889
3 0.882031 0.495833 0.234375 0.558333
1 0.564063 0.626389 0.143750 0.105556
1 0.295312 0.510417 0.173437 0.070833
1 0.296094 0.552778 0.175000 0.058333
1 0.296484 0.581250 0.172656 0.068056
1 0.297656 0.613194 0.181250 0.076389
2 0.199609 0.465972 0.144531 0.195833
0 0.044531 0.222222 0.042188 0.033333
2 0.407031 0.941667 0.323437 0.113889
2 0.491016 0.840278 0.300781 0.316667
2 0.100391 0.792361 0.200781 0.273611
2 0.134375 0.818750 0.268750 0.359722
2 0.242188 0.731250 0.357812 0.456944
