2 0.039844 0.031250 0.079687 0.062500
2 0.221875 0.001389 0.054688 0.002778
3 0.632422 0.053472 0.247656 0.106944
1 0.358984 0.018750 0.135156 0.037500
1 0.347656 0.034722 0.146875 0.069444
1 0.348438 0.055556 0.156250 0.102778
1 0.349219 0.090972 0.145313 0.090278
1 0.350781 0.118056 0.153125 0.108333
1 0.107422 0.094444 0.214844 0.119444
1 0.106250 0.055556 0.212500 0.111111
1 0.110937 0.136806 0.221875 0.120833
1 0.114062 0.171528 0.209375 0.126389
1 0.121875 0.209028 0.200000 0.123611
1 0.130078 0.246528 0.188281 0.123611
2 0.984375 0.282639 0.029687 0.070833
2 0.909766 0.282639 0.178906 0.379167
2 0.853906 0.592361 0.290625 0.712500
2 0.655078 0.512500 0.316406 0.558333
2 0.114453 0.804861 0.228906 0.387500
2 0.296875 0.725694 0.593750 0.545833
2 0.924219 0.397917 0.150000 0.498611
2 0.778125 0.273611 0.309375 0.483333
