2 0.031641 0.651389 0.063281 0.369444
2 0.136328 0.628472 0.272656 0.504167
2 0.321094 0.601389 0.476562 0.658333
2 0.423047 0.506944 0.274219 0.350000
2 0.269531 0.640278 0.134375 0.255556
2 0.241797 0.391667 0.232031 0.330556
2 0.119531 0.377778 0.204687 0.188889
2 0.648828 0.642361 0.328906 0.431944
1 0.527344 0.679167 0.101562 0.030556
2 0.691406 0.656250 0.184375 0.212500
2 0.878906 0.669444 0.232813 0.283333
2 0.682813 0.445833 0.200000 0.261111
2 0.115625 0.631944 0.231250 0.291667
2 0.040625 0.389583 0.081250 0.262500
2 0.117578 0.343056 0.235156 0.363889
2 0.279297 0.644444 0.307031 0.413889
2 0.518359 0.625694 0.391406 0.520833
1 0.576953 0.713194 0.002344 0.009722
1 0.576172 0.733333 0.005469 0.027778
1 0.575391 0.762500 0.007031 0.027778
1 0.527734 0.763889 0.102344 0.022222
1 0.917578 0.750000 0.157031 0.027778
5 0.964063 0.755556 0.048438 0.016667
1 0.918750 0.676389 0.160938 0.038889
1 0.918750 0.637500 0.160938 0.041667
