3 0.068750 0.836806 0.137500 0.323611
2 0.522266 0.734722 0.105469 0.208333
2 0.542188 0.810417 0.126562 0.262500
2 0.562500 0.868750 0.165625 0.259722
2 0.196094 0.625694 0.112500 0.193056
2 0.158203 0.680556 0.138281 0.236111
0 0.360938 0.434028 0.037500 0.043056
2 0.505859 0.620833 0.089844 0.188889
2 0.795312 0.719444 0.162500 0.266667
2 0.732812 0.745833 0.126562 0.216667
2 0.693359 0.713889 0.107031 0.155556
2 0.734766 0.560417 0.127344 0.204167
2 0.695703 0.525694 0.108594 0.162500
2 0.864453 0.863194 0.200781 0.270833
2 0.121875 0.832639 0.137500 0.290278
2 0.082031 0.875000 0.120313 0.247222
1 0.982422 0.714583 0.033594 0.048611
2 0.599609 0.683333 0.097656 0.183333
2 0.630859 0.736111 0.116406 0.213889
2 0.631250 0.563194 0.117188 0.206944
2 0.668750 0.813194 0.140625 0.279167
2 0.716016 0.865972 0.186719 0.265278
