2 0.100000 0.877083 0.200000 0.243056
3 0.124609 0.579861 0.249219 0.837500
1 0.925781 0.923611 0.146875 0.130556
1 0.925781 0.967361 0.146875 0.062500
1 0.933594 0.981250 0.103125 0.034722
1 0.822656 0.773611 0.126562 0.038889
4 0.823828 0.744444 0.119531 0.041667
4 0.823828 0.714583 0.119531 0.037500
4 0.823828 0.684028 0.119531 0.043056
2 0.021875 0.819444 0.043750 0.244444
2 0.072266 0.833333 0.144531 0.238889
2 0.203516 0.697222 0.175781 0.219444
2 0.019922 0.684722 0.014844 0.033333
2 0.014453 0.685417 0.025781 0.031944
2 0.331250 0.824306 0.168750 0.281944
1 0.346484 0.728472 0.116406 0.031944
2 0.440234 0.744444 0.144531 0.191667
2 0.555078 0.761806 0.163281 0.209722
2 0.556250 0.579861 0.159375 0.195833
2 0.013672 0.685417 0.027344 0.031944
2 0.024609 0.575694 0.049219 0.204167
2 0.089063 0.743056 0.178125 0.113889
2 0.219141 0.839583 0.180469 0.276389
1 0.430469 0.730556 0.114062 0.038889
1 0.437891 0.754167 0.099219 0.038889
1 0.421484 0.771528 0.110156 0.034722
1 0.338672 0.772917 0.058594 0.029167
1 0.692578 0.763194 0.060156 0.026389
5 0.733203 0.694444 0.028906 0.150000
1 0.626172 0.744444 0.141406 0.038889
1 0.626172 0.717361 0.139844 0.037500
