4 0.993750 0.679167 0.010937 0.036111
2 0.083594 0.835417 0.167187 0.326389
2 0.341406 0.838194 0.540625 0.320833
2 0.801172 0.843750 0.396094 0.309722
2 0.669922 0.683333 0.074219 0.408333
2 0.238672 0.824306 0.313281 0.348611
2 0.082031 0.823611 0.164062 0.350000
2 0.239453 0.470833 0.313281 0.375000
2 0.859766 0.828472 0.278906 0.340278
2 0.730859 0.663889 0.049219 0.052778
2 0.883984 0.668056 0.211719 0.058333
2 0.001172 0.730556 0.002344 0.150000
2 0.151172 0.827778 0.302344 0.341667
2 0.468750 0.722917 0.404687 0.551389
2 0.840625 0.721528 0.317188 0.554167
5 0.783594 0.671528 0.032813 0.040278
