2 0.532813 0.477083 0.118750 0.168056
2 0.644531 0.470833 0.120313 0.163889
1 0.787500 0.503472 0.118750 0.045833
1 0.787109 0.527083 0.117969 0.043056
2 0.965234 0.430556 0.064844 0.163889
3 0.949609 0.490278 0.099219 0.366667
1 0.739453 0.623611 0.119531 0.083333
1 0.523438 0.623611 0.151562 0.077778
1 0.524219 0.660417 0.150000 0.065278
2 0.331250 0.547917 0.101562 0.218056
0 0.042969 0.303472 0.042188 0.037500
2 0.907813 0.837500 0.182812 0.322222
2 0.840625 0.842361 0.279687 0.312500
2 0.233984 0.970833 0.224219 0.055556
2 0.237109 0.873611 0.208594 0.250000
2 0.933984 0.711806 0.130469 0.326389
1 0.083984 0.957639 0.019531 0.081944
1 0.070703 0.931250 0.042969 0.134722
