1 0.616406 0.805556 0.190625 0.116667
1 0.114062 0.500694 0.060937 0.051389
1 0.130078 0.429167 0.019531 0.033333
1 0.130469 0.461806 0.018750 0.034722
2 0.040234 0.566667 0.021094 0.077778
2 0.029687 0.171528 0.059375 0.018056
1 0.208203 0.561806 0.167969 0.056944
1 0.209766 0.598611 0.160156 0.055556
1 0.308984 0.575000 0.039844 0.050000
1 0.244531 0.512500 0.167187 0.044444
1 0.244531 0.543750 0.167187 0.045833
1 0.421484 0.617361 0.155469 0.081944
5 0.644141 0.546528 0.102344 0.162500
0 0.604297 0.650694 0.078906 0.156944
1 0.062500 0.582639 0.125000 0.093056
1 0.058984 0.537500 0.117969 0.083333
