2 0.142187 0.870139 0.284375 0.256944
1 0.597656 0.252778 0.157812 0.102778
2 0.022266 0.192361 0.044531 0.223611
2 0.043750 0.256944 0.087500 0.311111
2 0.013281 0.047222 0.026562 0.094444
1 0.060156 0.112500 0.065625 0.061111
1 0.067187 0.145139 0.056250 0.059722
1 0.073828 0.175694 0.064844 0.059722
1 0.066406 0.204861 0.045312 0.059722
1 0.407422 0.243750 0.157031 0.087500
5 0.512500 0.106944 0.101562 0.213889
0 0.869531 0.200000 0.042188 0.058333
1 0.170703 0.240278 0.166406 0.102778
3 0.946094 0.598611 0.106250 0.141667
1 0.167969 0.202778 0.157812 0.094444
