4 0.770312 0.700694 0.018750 0.006944
4 0.782031 0.642361 0.045312 0.023611
2 0.448828 0.908333 0.561719 0.180556
2 0.948438 0.825000 0.101562 0.300000
2 0.757422 0.926389 0.330469 0.144444
2 0.446875 0.949306 0.312500 0.098611
2 0.756250 0.697222 0.334375 0.416667
2 0.447266 0.708333 0.314844 0.436111
1 0.574609 0.802778 0.022656 0.016667
1 0.592578 0.752778 0.189844 0.063889
1 0.577734 0.788194 0.160156 0.062500
2 0.783984 0.820139 0.203906 0.251389
2 0.934375 0.800000 0.129688 0.233333
2 0.784375 0.597917 0.207813 0.251389
2 0.931641 0.593750 0.135156 0.245833
2 0.410547 0.961806 0.372656 0.073611
2 0.825000 0.949306 0.348438 0.098611
1 0.565625 0.888889 0.079687 0.013889
1 0.445703 0.902083 0.110156 0.029167
0 0.997266 0.448611 0.003906 0.008333
0 0.989062 0.695139 0.017188 0.009722
1 0.933203 0.765278 0.096094 0.058333
1 0.936328 0.743056 0.102344 0.038889
