2 0.156250 0.499306 0.312500 0.998611
2 0.730469 0.499306 0.537500 0.998611
2 0.594922 0.381250 0.391406 0.554167
2 0.155078 0.602083 0.310156 0.540278
2 0.879297 0.592361 0.239844 0.356944
1 0.200781 0.677778 0.223438 0.050000
1 0.202344 0.586806 0.221875 0.068056
1 0.201563 0.633333 0.221875 0.061111
2 0.435937 0.683333 0.178125 0.305556
2 0.766406 0.726389 0.059375 0.088889
2 0.154688 0.547222 0.309375 0.700000
2 0.692187 0.324306 0.545312 0.648611
2 0.937891 0.297917 0.122656 0.595833
1 0.246484 0.643750 0.138281 0.051389
1 0.248047 0.605556 0.138281 0.055556
1 0.182812 0.682639 0.006250 0.012500
1 0.244141 0.734722 0.130469 0.016667
1 0.243750 0.759722 0.131250 0.038889
1 0.305859 0.802083 0.005469 0.040278
1 0.101562 0.722917 0.118750 0.043056
1 0.081641 0.758333 0.157031 0.027778
1 0.361328 0.780556 0.105469 0.030556
5 0.453516 0.697222 0.019531 0.002778
0 0.830859 0.747917 0.022656 0.001389
