1 0.077344 0.634028 0.154688 0.087500
1 0.074219 0.580556 0.148438 0.083333
1 0.081250 0.685417 0.162500 0.095833
1 0.078125 0.738889 0.154688 0.097222
1 0.078516 0.791667 0.157031 0.094444
1 0.036328 0.845833 0.072656 0.094444
2 0.042188 0.811806 0.084375 0.373611
2 0.500781 0.541667 0.100000 0.138889
2 0.396875 0.584722 0.129688 0.133333
2 0.299609 0.586111 0.149219 0.186111
2 0.397656 0.419444 0.098437 0.022222
2 0.301953 0.475694 0.110156 0.131944
0 0.521094 0.347222 0.029687 0.016667
2 0.569922 0.479167 0.107031 0.136111
2 0.551562 0.509722 0.146875 0.186111
2 0.633984 0.565278 0.124219 0.175000
2 0.695312 0.540278 0.110937 0.136111
2 0.454297 0.604167 0.161719 0.219444
2 0.216406 0.540278 0.120313 0.147222
2 0.122656 0.545833 0.125000 0.147222
1 0.848828 0.526389 0.010156 0.022222
2 0.851172 0.621528 0.144531 0.220833
2 0.775000 0.654167 0.178125 0.272222
2 0.773438 0.412500 0.189062 0.247222
2 0.633594 0.535417 0.112500 0.134722
2 0.561719 0.556944 0.121875 0.163889
2 0.635547 0.405556 0.108594 0.138889
2 0.559766 0.406944 0.125781 0.152778
2 0.474219 0.502778 0.135937 0.175000
2 0.372266 0.514583 0.157031 0.195833
1 0.923438 0.676389 0.151562 0.069444
1 0.923438 0.638194 0.151562 0.059722
