2 0.917188 0.856944 0.164062 0.283333
1 0.464453 0.550694 0.114844 0.045833
4 0.466406 0.522222 0.114062 0.052778
4 0.466406 0.492361 0.114062 0.051389
4 0.466016 0.460417 0.114844 0.062500
2 0.022656 0.877778 0.045312 0.241667
1 0.009766 0.596528 0.019531 0.031944
2 0.069922 0.634028 0.139844 0.245833
2 0.196484 0.675694 0.183594 0.240278
2 0.189453 0.478472 0.188281 0.248611
1 0.058203 0.593056 0.116406 0.083333
1 0.055859 0.623611 0.105469 0.077778
1 0.348438 0.544444 0.001563 0.011111
5 0.355859 0.458333 0.069531 0.163889
0 0.696875 0.293056 0.031250 0.038889
0 0.694922 0.379167 0.028906 0.033333
0 0.656641 0.375694 0.038281 0.031944
0 0.655469 0.525694 0.037500 0.034722
1 0.315625 0.613889 0.060937 0.061111
3 0.892578 0.493750 0.213281 0.387500
1 0.317969 0.584722 0.065625 0.066667
