2 0.365234 0.525694 0.136719 0.170833
2 0.491406 0.529861 0.134375 0.176389
2 0.364844 0.366667 0.137500 0.169444
1 0.648438 0.554861 0.104688 0.040278
1 0.648438 0.586806 0.104688 0.029167
1 0.642188 0.614583 0.092188 0.031944
2 0.850391 0.468750 0.128906 0.198611
3 0.762109 0.463889 0.391406 0.575000
1 0.389062 0.650694 0.168750 0.076389
1 0.121875 0.574306 0.184375 0.051389
1 0.122266 0.607639 0.185156 0.051389
1 0.122266 0.642361 0.185156 0.054167
2 0.064844 0.499306 0.129688 0.109722
2 0.061328 0.793056 0.122656 0.411111
2 0.163281 0.762500 0.326562 0.472222
2 0.995313 0.972222 0.007812 0.052778
2 0.958984 0.775694 0.080469 0.445833
2 0.050000 0.496528 0.100000 0.276389
