2 0.685937 0.546528 0.187500 0.037500
2 0.530859 0.721528 0.194531 0.284722
2 0.370703 0.817361 0.258594 0.362500
2 0.539062 0.436111 0.142187 0.197222
2 0.400781 0.478472 0.162500 0.226389
0 0.719922 0.275000 0.046094 0.033333
2 0.800781 0.484722 0.168750 0.186111
2 0.812500 0.775694 0.264062 0.445833
2 0.916797 0.806944 0.164844 0.330556
2 0.966797 0.738194 0.064844 0.170833
2 0.917578 0.529167 0.163281 0.344444
2 0.967578 0.460417 0.063281 0.251389
2 0.646875 0.880556 0.310937 0.236111
2 0.272656 0.597917 0.176563 0.259722
2 0.121484 0.652778 0.203906 0.294444
2 0.909766 0.657639 0.166406 0.265278
2 0.805469 0.699306 0.195312 0.293056
2 0.909766 0.438194 0.178906 0.259722
2 0.668359 0.704861 0.241406 0.390278
2 0.492969 0.786806 0.289062 0.423611
