2 0.446484 0.679861 0.127344 0.145833
3 0.531641 0.650694 0.192969 0.345833
2 0.959766 0.714583 0.078906 0.159722
2 0.768359 0.720139 0.199219 0.231944
2 0.856250 0.561111 0.285938 0.350000
2 0.603906 0.718750 0.229687 0.351389
2 0.975000 0.714583 0.048438 0.159722
1 0.853516 0.636806 0.291406 0.190278
2 0.500781 0.611111 0.600000 0.775000
2 0.185938 0.676389 0.371875 0.591667
2 0.483203 0.223611 0.544531 0.447222
2 0.191406 0.235417 0.382812 0.470833
2 0.905859 0.736111 0.186719 0.211111
2 0.709375 0.712500 0.250000 0.252778
1 0.017188 0.686111 0.034375 0.111111
1 0.011328 0.578472 0.022656 0.106944
