1 0.593750 0.626389 0.134375 0.080556
2 0.027344 0.991667 0.054688 0.013889
1 0.037109 0.711111 0.074219 0.080556
1 0.035547 0.648611 0.071094 0.061111
1 0.036328 0.677083 0.072656 0.076389
2 0.114844 0.746528 0.207813 0.315278
2 0.277734 0.803472 0.222656 0.345833
1 0.114844 0.709028 0.151562 0.112500
1 0.058203 0.688889 0.096094 0.091667
1 0.087109 0.621528 0.033594 0.034722
1 0.058594 0.657639 0.093750 0.081944
1 0.250000 0.619444 0.060937 0.038889
5 0.467187 0.536806 0.060937 0.148611
0 0.887109 0.340278 0.028906 0.047222
0 0.883203 0.444444 0.035156 0.044444
0 0.833594 0.438194 0.046875 0.040278
0 0.828906 0.618750 0.046875 0.045833
1 0.423828 0.731944 0.072656 0.080556
1 0.426172 0.696528 0.078906 0.090278
