1 0.739062 0.829861 0.175000 0.068056
4 0.741406 0.788194 0.175000 0.073611
4 0.741406 0.743056 0.175000 0.069444
4 0.741406 0.696528 0.175000 0.076389
1 0.043750 0.752083 0.087500 0.051389
1 0.048438 0.683333 0.085938 0.044444
1 0.046875 0.717361 0.082812 0.051389
2 0.096094 0.799306 0.192188 0.309722
2 0.201172 0.834028 0.233594 0.329167
1 0.174609 0.683333 0.166406 0.041667
1 0.168750 0.648611 0.176563 0.052778
1 0.249609 0.697917 0.010156 0.004167
1 0.083594 0.790278 0.007812 0.008333
1 0.058594 0.813889 0.040625 0.027778
1 0.065234 0.776389 0.028906 0.027778
1 0.474609 0.778472 0.022656 0.034722
5 0.607031 0.719444 0.078125 0.166667
0 0.996094 0.555556 0.006250 0.038889
0 0.997266 0.810417 0.003906 0.040278
1 0.390625 0.811806 0.145313 0.076389
1 0.394531 0.775000 0.153125 0.069444
