1 0.560937 0.909028 0.556250 0.179167
1 0.543359 0.492361 0.208594 0.068056
1 0.546875 0.424306 0.228125 0.090278
1 0.542969 0.563889 0.207813 0.066667
1 0.543359 0.629167 0.208594 0.083333
1 0.543359 0.690972 0.208594 0.098611
1 0.542969 0.754167 0.226562 0.119444
2 0.810937 0.602083 0.151562 0.323611
1 0.239844 0.633333 0.131250 0.030556
4 0.242188 0.600000 0.129688 0.038889
4 0.242188 0.565972 0.129688 0.034722
4 0.242188 0.535417 0.129688 0.034722
2 0.022656 0.581250 0.045312 0.245833
1 0.009766 0.625000 0.019531 0.027778
5 0.114453 0.577778 0.055469 0.133333
0 0.496094 0.325000 0.032813 0.038889
0 0.438281 0.580556 0.001563 0.025000
1 0.057422 0.579167 0.114844 0.036111
3 0.746484 0.468056 0.280469 0.388889
1 0.060156 0.543056 0.120313 0.036111
