1 0.594531 0.927083 0.253125 0.143056
1 0.594141 0.961111 0.271094 0.075000
2 0.933984 0.828472 0.130469 0.340278
1 0.597266 0.706250 0.117969 0.034722
4 0.600000 0.677778 0.118750 0.038889
4 0.600000 0.647222 0.118750 0.038889
4 0.600000 0.615972 0.118750 0.043056
2 0.038281 0.773611 0.076563 0.263889
1 0.098047 0.670139 0.102344 0.034722
2 0.173828 0.686806 0.160156 0.204167
2 0.287500 0.704167 0.168750 0.222222
2 0.176172 0.509722 0.155469 0.191667
2 0.286719 0.512500 0.168750 0.208333
1 0.184766 0.713889 0.130469 0.041667
1 0.117578 0.714583 0.088281 0.034722
1 0.372266 0.694444 0.017969 0.002778
5 0.497266 0.626389 0.071094 0.155556
0 0.830078 0.420139 0.025781 0.034722
0 0.830469 0.513194 0.034375 0.026389
0 0.789844 0.513194 0.042188 0.026389
0 0.791406 0.674306 0.042188 0.031944
1 0.378516 0.684722 0.136719 0.038889
3 0.961328 0.772222 0.075781 0.033333
1 0.380859 0.656250 0.141406 0.040278
