1 0.981250 0.682639 0.035937 0.054167
2 0.061719 0.579167 0.123438 0.297222
2 0.042969 0.614583 0.085938 0.220833
2 0.036328 0.532639 0.072656 0.056944
2 0.043359 0.404167 0.086719 0.227778
2 0.036328 0.372222 0.072656 0.186111
2 0.077344 0.777083 0.154688 0.379167
1 0.386328 0.562500 0.130469 0.066667
2 0.446094 0.622917 0.153125 0.262500
2 0.521484 0.691667 0.194531 0.330556
2 0.441797 0.412500 0.161719 0.244444
1 0.517188 0.563889 0.135937 0.069444
1 0.509766 0.599306 0.138281 0.056944
1 0.509766 0.627083 0.138281 0.056944
1 0.431641 0.606250 0.007031 0.012500
1 0.769922 0.599306 0.016406 0.031944
5 0.932813 0.546528 0.106250 0.218056
1 0.668750 0.662500 0.189062 0.105556
1 0.668359 0.627083 0.178906 0.093056
