2 0.667969 0.522917 0.153125 0.129167
2 0.433203 0.617361 0.128906 0.259722
2 0.276172 0.644444 0.210156 0.308333
2 0.623828 0.422222 0.135156 0.166667
2 0.467969 0.420833 0.142187 0.161111
0 0.783984 0.245833 0.042969 0.044444
2 0.794531 0.469444 0.145313 0.200000
2 0.611719 0.586111 0.260937 0.338889
2 0.825000 0.651389 0.242188 0.258333
2 0.924609 0.641667 0.117969 0.302778
2 0.829688 0.408333 0.248438 0.283333
2 0.378906 0.765972 0.275000 0.418056
2 0.339453 0.515278 0.144531 0.197222
2 0.195312 0.531250 0.151562 0.212500
2 0.919531 0.884028 0.104688 0.229167
2 0.728906 0.925000 0.473438 0.147222
2 0.746094 0.646528 0.506250 0.704167
2 0.907422 0.597222 0.147656 0.247222
2 0.729297 0.603472 0.211719 0.245833
2 0.900391 0.377083 0.197656 0.229167
2 0.530469 0.550000 0.217188 0.305556
2 0.317188 0.578472 0.239063 0.337500
