1 0.977344 0.568750 0.043750 0.034722
2 0.082031 0.486111 0.164062 0.638889
2 0.212891 0.331944 0.288281 0.383333
2 0.086328 0.481944 0.164844 0.291667
2 0.027734 0.479861 0.047656 0.212500
2 0.084766 0.199306 0.169531 0.345833
2 0.402344 0.497222 0.339062 0.466667
1 0.419141 0.488889 0.147656 0.033333
2 0.550391 0.491667 0.205469 0.261111
2 0.734375 0.492361 0.239063 0.298611
2 0.008203 0.475694 0.008594 0.276389
2 0.005859 0.168056 0.011719 0.308333
2 0.088281 0.476389 0.176563 0.402778
2 0.214844 0.498611 0.396875 0.566667
1 0.518750 0.540972 0.153125 0.034722
1 0.517969 0.572917 0.151562 0.037500
1 0.401172 0.572222 0.092969 0.033333
5 0.886719 0.504167 0.067187 0.147222
1 0.884766 0.492361 0.063281 0.037500
1 0.887891 0.450694 0.069531 0.043056
