2 0.723437 0.789583 0.551562 0.418056
2 0.513281 0.902778 0.326562 0.191667
0 0.982812 0.535417 0.032813 0.031944
0 0.987500 0.652778 0.023438 0.025000
1 0.262500 0.741667 0.131250 0.044444
4 0.264844 0.709028 0.132812 0.051389
4 0.264062 0.675694 0.132812 0.048611
4 0.264062 0.639583 0.132812 0.056944
1 0.076953 0.740278 0.069531 0.047222
5 0.160938 0.663889 0.065625 0.136111
0 0.494141 0.437500 0.039844 0.038889
0 0.494922 0.536806 0.039844 0.031944
0 0.454688 0.534722 0.045312 0.030556
0 0.456641 0.706944 0.044531 0.033333
1 0.021094 0.753472 0.042188 0.045833
3 0.744531 0.654167 0.348438 0.466667
1 0.024219 0.720139 0.048438 0.048611
