2 0.041016 0.294444 0.082031 0.058333
2 0.016797 0.195833 0.033594 0.141667
0 0.104688 0.061806 0.037500 0.029167
2 0.148438 0.219444 0.145313 0.127778
2 0.075000 0.427778 0.150000 0.297222
2 0.194531 0.437500 0.157812 0.241667
2 0.291406 0.368056 0.131250 0.227778
2 0.179297 0.250000 0.177344 0.244444
2 0.007422 0.581944 0.014844 0.230556
1 0.543750 0.502778 0.026562 0.055556
1 0.546875 0.436806 0.029687 0.065278
1 0.546484 0.470833 0.030469 0.063889
2 0.278125 0.625000 0.006250 0.191667
2 0.192969 0.823611 0.182812 0.350000
2 0.218750 0.509028 0.273438 0.429167
2 0.222656 0.317361 0.139063 0.165278
2 0.104297 0.516667 0.021094 0.022222
2 0.098047 0.214583 0.175781 0.195833
2 0.027734 0.292361 0.055469 0.059722
1 0.620313 0.657639 0.181250 0.154167
1 0.665234 0.597222 0.167969 0.091667
1 0.666797 0.538194 0.169531 0.079167
1 0.665625 0.565278 0.168750 0.091667
1 0.828516 0.927778 0.196094 0.141667
1 0.403906 0.881250 0.242188 0.218056
1 0.402734 0.838194 0.242969 0.204167
