1 0.916797 0.565972 0.164844 0.109722
2 0.873437 0.405556 0.150000 0.186111
2 0.312891 0.970833 0.153906 0.055556
2 0.664062 0.879167 0.462500 0.238889
2 0.866797 0.822917 0.264844 0.351389
2 0.341797 0.699306 0.336719 0.523611
2 0.118359 0.881944 0.138281 0.233333
2 0.088281 0.550000 0.176563 0.511111
2 0.580859 0.741667 0.282031 0.455556
2 0.189062 0.591667 0.043750 0.269444
2 0.296484 0.538194 0.205469 0.245833
2 0.102734 0.340972 0.205469 0.281944
2 0.291406 0.325694 0.215625 0.279167
2 0.185156 0.950694 0.246875 0.095833
2 0.153906 0.668056 0.307812 0.661111
2 0.471484 0.827778 0.382031 0.341667
2 0.724609 0.784028 0.321094 0.429167
5 0.018359 0.322917 0.016406 0.026389
0 0.362109 0.139583 0.024219 0.031944
0 0.362109 0.220139 0.033594 0.026389
0 0.330859 0.224306 0.038281 0.026389
0 0.334375 0.365972 0.037500 0.026389
1 0.170703 0.504861 0.003906 0.004167
3 0.554297 0.263889 0.196094 0.300000
1 0.180469 0.484722 0.026562 0.041667
