1 0.105469 0.938889 0.210938 0.119444
1 0.605469 0.869444 0.471875 0.258333
1 0.607422 0.945139 0.442969 0.106944
1 0.642188 0.980556 0.376563 0.036111
2 0.537109 0.487500 0.127344 0.188889
2 0.480078 0.519444 0.144531 0.222222
2 0.403125 0.565278 0.181250 0.277778
2 0.336328 0.390972 0.116406 0.151389
2 0.250000 0.406944 0.139063 0.175000
0 0.489844 0.240278 0.035937 0.022222
2 0.583594 0.398611 0.109375 0.163889
2 0.719531 0.450694 0.142187 0.237500
2 0.745313 0.508333 0.112500 0.211111
2 0.769141 0.483333 0.102344 0.186111
2 0.750781 0.319444 0.120313 0.194444
2 0.771094 0.315278 0.104688 0.172222
2 0.677734 0.589583 0.160156 0.304167
2 0.160938 0.498611 0.156250 0.205556
2 0.077344 0.529861 0.154688 0.237500
2 0.677344 0.472222 0.098437 0.172222
2 0.641797 0.496528 0.116406 0.195833
2 0.639453 0.318750 0.125781 0.187500
2 0.596094 0.533333 0.139063 0.241667
2 0.535156 0.577083 0.176563 0.290278
