2 0.869141 0.991667 0.030469 0.013889
3 0.380859 0.499306 0.761719 0.998611
2 0.155078 0.431250 0.169531 0.265278
2 0.247266 0.483333 0.200781 0.313889
2 0.362109 0.529167 0.236719 0.338889
2 0.078906 0.306250 0.150000 0.220833
2 0.438281 0.313889 0.114062 0.200000
2 0.346094 0.387500 0.082812 0.186111
2 0.286719 0.354861 0.139063 0.181944
2 0.349609 0.209028 0.133594 0.184722
2 0.285547 0.193056 0.142969 0.152778
2 0.588672 0.462500 0.189844 0.255556
1 0.627734 0.345833 0.046094 0.030556
2 0.705469 0.357639 0.160938 0.170833
2 0.840234 0.396528 0.178906 0.234722
2 0.727734 0.188889 0.125781 0.180556
2 0.185156 0.367361 0.140625 0.201389
2 0.267578 0.405556 0.164844 0.227778
2 0.264453 0.211111 0.166406 0.222222
2 0.366406 0.449306 0.190625 0.279167
2 0.485547 0.503472 0.205469 0.329167
1 0.653125 0.386111 0.057813 0.038889
1 0.644531 0.379861 0.045312 0.026389
1 0.928516 0.391667 0.057031 0.013889
5 0.993359 0.309722 0.011719 0.155556
1 0.909375 0.376389 0.157812 0.050000
1 0.910547 0.347917 0.167969 0.051389
