1 0.890234 0.599306 0.217969 0.279167
1 0.897266 0.434028 0.203906 0.254167
1 0.901563 0.762500 0.195312 0.266667
1 0.889453 0.872222 0.219531 0.252778
1 0.941016 0.950000 0.116406 0.063889
1 0.768359 0.633333 0.044531 0.202778
1 0.382422 0.324306 0.139844 0.040278
4 0.384375 0.289583 0.132812 0.045833
4 0.384375 0.253472 0.132812 0.043056
4 0.383984 0.220139 0.133594 0.043056
2 0.007812 0.301389 0.015625 0.227778
2 0.107031 0.335417 0.214062 0.295833
2 0.002734 0.108333 0.005469 0.158333
1 0.260156 0.329167 0.035937 0.016667
5 0.282031 0.239583 0.006250 0.162500
0 0.661719 0.003472 0.023438 0.006944
0 0.634766 0.170833 0.053906 0.066667
1 0.174609 0.303472 0.199219 0.051389
3 0.890234 0.181944 0.217969 0.363889
1 0.173437 0.266667 0.198437 0.047222
