1 0.667969 0.900000 0.182812 0.077778
4 0.602344 0.820833 0.053125 0.083333
4 0.619141 0.739583 0.086719 0.081944
4 0.669922 0.634722 0.186719 0.141667
1 0.235156 0.497222 0.153125 0.050000
1 0.233594 0.461806 0.151562 0.048611
1 0.233984 0.532639 0.152344 0.051389
1 0.236328 0.567361 0.147656 0.054167
1 0.288281 0.600000 0.045312 0.055556
1 0.288281 0.634722 0.043750 0.058333
1 0.326172 0.604861 0.033594 0.051389
1 0.322656 0.543750 0.039062 0.045833
1 0.326953 0.574306 0.032031 0.048611
1 0.383984 0.700694 0.049219 0.023611
5 0.678125 0.540278 0.100000 0.052778
0 0.728516 0.044444 0.100781 0.088889
0 0.740625 0.418750 0.176563 0.123611
0 0.716406 0.354861 0.101562 0.004167
0 0.709375 0.970833 0.095312 0.055556
1 0.078125 0.648611 0.156250 0.102778
3 0.270703 0.499306 0.541406 0.998611
1 0.081250 0.598611 0.162500 0.102778
