1 0.205078 0.513889 0.410156 0.130556
1 0.206250 0.414583 0.412500 0.115278
1 0.207031 0.609028 0.414062 0.151389
1 0.207813 0.705556 0.415625 0.175000
1 0.207422 0.795833 0.414844 0.191667
1 0.211328 0.884722 0.422656 0.227778
2 0.825000 0.705556 0.348438 0.586111
2 0.103516 0.433333 0.019531 0.161111
2 0.069531 0.433333 0.125000 0.161111
2 0.052734 0.435417 0.105469 0.156944
0 0.108203 0.203472 0.041406 0.023611
2 0.335547 0.343056 0.133594 0.169444
2 0.370703 0.441667 0.110156 0.180556
2 0.396484 0.434722 0.100781 0.172222
2 0.310937 0.436111 0.129688 0.158333
1 0.649609 0.449306 0.002344 0.006944
1 0.655859 0.384722 0.014844 0.033333
1 0.655859 0.404167 0.014844 0.016667
2 0.726953 0.469444 0.128906 0.230556
2 0.761328 0.497222 0.158594 0.280556
2 0.320312 0.350000 0.053125 0.002778
2 0.287109 0.432639 0.069531 0.162500
2 0.215234 0.342361 0.152344 0.170833
2 0.147266 0.335417 0.192969 0.184722
1 0.816016 0.502083 0.052344 0.001389
1 0.818750 0.462500 0.056250 0.019444
1 0.818359 0.486806 0.057031 0.029167
1 0.922656 0.481944 0.151562 0.044444
1 0.920703 0.465278 0.157031 0.025000
