1 0.956641 0.734028 0.085156 0.076389
2 0.003516 0.593056 0.007031 0.180556
2 0.007031 0.420139 0.014063 0.179167
1 0.239844 0.590278 0.112500 0.033333
1 0.241016 0.517361 0.130469 0.040278
1 0.242188 0.553472 0.134375 0.040278
2 0.210156 0.593750 0.164062 0.279167
2 0.154688 0.593056 0.214062 0.355556
2 0.212500 0.334722 0.162500 0.297222
2 0.149219 0.269444 0.228125 0.380556
1 0.475781 0.668056 0.015625 0.013889
1 0.405469 0.615278 0.140625 0.030556
1 0.405469 0.645139 0.140625 0.029167
1 0.735156 0.692361 0.182812 0.059722
5 0.935937 0.615278 0.118750 0.227778
1 0.376953 0.593750 0.163281 0.051389
1 0.376953 0.540972 0.161719 0.056944
