2 0.693750 0.951389 0.610938 0.094444
2 0.111719 0.762500 0.223438 0.472222
2 0.457031 0.846528 0.409375 0.304167
2 0.071484 0.751389 0.142969 0.308333
2 0.296484 0.746528 0.228906 0.337500
2 0.071484 0.469444 0.142969 0.319444
2 0.128906 0.911806 0.257812 0.173611
2 0.575000 0.884028 0.546875 0.229167
1 0.156641 0.706944 0.027344 0.022222
5 0.116797 0.556944 0.067969 0.111111
0 0.541797 0.347222 0.035156 0.033333
0 0.520312 0.508333 0.042188 0.061111
1 0.271094 0.692361 0.187500 0.073611
3 0.780469 0.498611 0.251563 0.341667
1 0.271094 0.656944 0.187500 0.061111
