2 0.192969 0.347222 0.184375 0.227778
2 0.045312 0.328472 0.079687 0.145833
2 0.410156 0.123611 0.121875 0.047222
2 0.280078 0.193056 0.027344 0.183333
0 0.510156 0.014583 0.029687 0.029167
2 0.414453 0.222917 0.175781 0.179167
2 0.001563 0.375000 0.003125 0.058333
2 0.142578 0.465972 0.258594 0.340278
2 0.392188 0.461806 0.228125 0.343056
2 0.132812 0.184722 0.265625 0.333333
2 0.091797 0.269444 0.150781 0.183333
2 0.005859 0.220139 0.008594 0.070833
1 0.095312 0.821528 0.190625 0.245833
1 0.092578 0.661806 0.185156 0.212500
1 0.094141 0.741667 0.188281 0.230556
2 0.422656 0.384722 0.196875 0.255556
2 0.173047 0.404861 0.216406 0.287500
2 0.160547 0.153472 0.230469 0.273611
2 0.026172 0.285417 0.052344 0.234722
