1 0.872656 0.559722 0.089063 0.047222
4 0.873047 0.528472 0.088281 0.051389
4 0.875000 0.495833 0.085938 0.047222
4 0.875781 0.462500 0.085938 0.055556
2 0.023438 0.857639 0.046875 0.281944
2 0.165625 0.868750 0.331250 0.259722
2 0.460156 0.902778 0.426563 0.191667
2 0.371484 0.668750 0.272656 0.390278
2 0.145703 0.757639 0.255469 0.343056
2 0.051562 0.763194 0.103125 0.193056
2 0.136719 0.472917 0.265625 0.323611
2 0.043750 0.443750 0.087500 0.268056
2 0.616797 0.813194 0.283594 0.370833
1 0.380078 0.585417 0.167969 0.059722
2 0.539062 0.593056 0.181250 0.236111
2 0.723047 0.634028 0.188281 0.281944
2 0.089453 0.820833 0.178906 0.355556
2 0.085938 0.522222 0.171875 0.386111
2 0.267578 0.826389 0.321094 0.344444
2 0.557031 0.849306 0.339062 0.298611
1 0.455078 0.612500 0.135156 0.075000
1 0.355469 0.610417 0.110937 0.043056
1 0.821484 0.586806 0.014844 0.056944
1 0.822266 0.557639 0.014844 0.056944
