1 0.981641 0.847917 0.035156 0.081944
2 0.011328 0.561111 0.022656 0.227778
2 0.045703 0.613889 0.091406 0.241667
2 0.068750 0.564583 0.103125 0.206944
2 0.042969 0.422222 0.085938 0.219444
2 0.062109 0.396528 0.124219 0.190278
2 0.346875 0.661806 0.129688 0.268056
2 0.337109 0.762500 0.147656 0.355556
2 0.328906 0.500694 0.160938 0.312500
2 0.014453 0.538194 0.028906 0.159722
1 0.448047 0.650694 0.033594 0.062500
1 0.444141 0.681250 0.032031 0.068056
1 0.432031 0.643056 0.001563 0.005556
1 0.788281 0.754861 0.154688 0.106944
5 0.958203 0.663194 0.082031 0.265278
1 0.530859 0.751389 0.141406 0.122222
1 0.530859 0.709722 0.141406 0.116667
