1 0.721484 0.685417 0.160156 0.187500
4 0.750000 0.629167 0.201563 0.186111
4 0.744922 0.568750 0.188281 0.176389
4 0.753516 0.506944 0.203906 0.180556
1 0.021875 0.392361 0.021875 0.034722
2 0.020313 0.472222 0.040625 0.294444
2 0.013672 0.533333 0.027344 0.325000
2 0.025391 0.203472 0.050781 0.304167
2 0.004297 0.306944 0.008594 0.161111
1 0.239453 0.411111 0.050781 0.075000
1 0.242188 0.441667 0.053125 0.080556
1 0.266016 0.394444 0.003906 0.025000
1 0.491797 0.606944 0.160156 0.152778
5 0.685547 0.416667 0.133594 0.294444
0 0.983984 0.712500 0.030469 0.202778
1 0.126562 0.563194 0.178125 0.173611
1 0.123828 0.530556 0.178906 0.138889
