2 0.318750 0.606944 0.046875 0.141667
3 0.378516 0.600694 0.157031 0.334722
2 0.914844 0.630556 0.020313 0.016667
2 0.632422 0.734722 0.153906 0.241667
2 0.980469 0.577083 0.037500 0.095833
2 0.783984 0.675000 0.242969 0.322222
2 0.557813 0.783333 0.229687 0.308333
2 0.929297 0.618750 0.049219 0.029167
1 0.939844 0.995833 0.045312 0.005556
2 0.654297 0.842361 0.428906 0.312500
2 0.388281 0.840972 0.187500 0.315278
2 0.980078 0.493750 0.038281 0.265278
2 0.815234 0.777083 0.211719 0.293056
2 0.604688 0.756944 0.203125 0.272222
1 0.163281 0.979861 0.289062 0.037500
1 0.152734 0.935417 0.305469 0.126389
