2 0.173047 0.927778 0.346094 0.141667
2 0.450000 0.622917 0.620313 0.751389
2 0.122656 0.758333 0.245312 0.480556
2 0.119922 0.284722 0.239844 0.569444
2 0.876563 0.782639 0.245312 0.431944
1 0.441016 0.588194 0.274219 0.037500
2 0.704297 0.643056 0.291406 0.408333
2 0.939453 0.659028 0.119531 0.418056
2 0.707422 0.279167 0.296094 0.400000
2 0.000781 0.967361 0.001563 0.012500
2 0.313672 0.796528 0.627344 0.404167
2 0.791406 0.837500 0.415625 0.322222
1 0.607812 0.574306 0.070312 0.056944
1 0.634375 0.602778 0.014063 0.005556
1 0.712500 0.597917 0.085938 0.037500
5 0.900000 0.495139 0.081250 0.231944
1 0.953516 0.605556 0.091406 0.075000
1 0.954688 0.556944 0.089063 0.063889
