1 0.083594 0.605556 0.021875 0.030556
1 0.082031 0.629861 0.018750 0.026389
2 0.246875 0.504167 0.128125 0.152778
3 0.327344 0.507639 0.200000 0.354167
1 0.112500 0.695833 0.104688 0.069444
2 0.977344 0.631250 0.043750 0.070833
2 0.866797 0.672222 0.039844 0.200000
2 0.635547 0.802083 0.000781 0.009722
2 0.970313 0.520833 0.057813 0.155556
2 0.714063 0.656250 0.265625 0.337500
2 0.942969 0.721528 0.112500 0.137500
2 0.944531 0.505556 0.109375 0.366667
2 0.479687 0.761111 0.246875 0.344444
2 0.844922 0.603472 0.094531 0.181944
2 0.723828 0.510417 0.127344 0.009722
2 0.484766 0.884722 0.496094 0.227778
2 0.196094 0.857639 0.268750 0.281944
2 0.971484 0.660417 0.055469 0.012500
2 0.757422 0.620833 0.233594 0.294444
2 0.538672 0.544444 0.219531 0.155556
