1 0.730078 0.643750 0.121094 0.051389
4 0.733203 0.611806 0.121094 0.059722
4 0.733984 0.579861 0.121094 0.056944
4 0.734766 0.542361 0.121094 0.070833
2 0.118359 0.833333 0.236719 0.330556
2 0.019141 0.622917 0.038281 0.215278
2 0.305469 0.918750 0.287500 0.159722
1 0.216016 0.704861 0.164844 0.070833
2 0.356641 0.731944 0.183594 0.277778
2 0.522266 0.790278 0.191406 0.272222
2 0.522656 0.567361 0.195312 0.281944
2 0.057031 0.945833 0.114062 0.105556
2 0.185547 0.974306 0.180469 0.048611
1 0.327734 0.682639 0.099219 0.095833
1 0.313281 0.714583 0.128125 0.087500
1 0.190234 0.707639 0.061719 0.020833
1 0.432422 0.625000 0.127344 0.044444
5 0.613672 0.506250 0.050781 0.109722
0 0.998828 0.368750 0.000781 0.029167
0 0.997656 0.458333 0.003125 0.036111
0 0.964063 0.455556 0.042188 0.036111
0 0.958203 0.620139 0.041406 0.040278
1 0.576172 0.713194 0.160156 0.076389
1 0.576562 0.684028 0.168750 0.076389
