3 0.029687 0.529167 0.059375 0.938889
2 0.576562 0.559028 0.132812 0.229167
2 0.607031 0.578472 0.151562 0.281944
2 0.639062 0.602778 0.212500 0.361111
2 0.212109 0.462500 0.127344 0.197222
2 0.159766 0.457639 0.161719 0.243056
0 0.398828 0.286111 0.041406 0.025000
2 0.554688 0.461806 0.110937 0.195833
2 0.903516 0.456944 0.191406 0.280556
2 0.826953 0.560417 0.153906 0.223611
2 0.796875 0.538194 0.103125 0.162500
2 0.830469 0.339583 0.160938 0.234722
2 0.776172 0.359722 0.127344 0.200000
2 0.941016 0.600000 0.116406 0.352778
2 0.091016 0.579167 0.180469 0.288889
2 0.069531 0.599306 0.137500 0.356944
2 0.667188 0.545833 0.114062 0.183333
2 0.707812 0.559028 0.139063 0.220833
2 0.703125 0.338889 0.148438 0.236111
2 0.759766 0.576389 0.175781 0.272222
2 0.831250 0.601389 0.246875 0.358333
