2 0.283203 0.539583 0.264844 0.329167
2 0.449219 0.536111 0.217188 0.280556
2 0.450781 0.275000 0.220312 0.300000
2 0.935937 0.439583 0.126562 0.218056
1 0.903516 0.430556 0.191406 0.063889
1 0.903516 0.372917 0.191406 0.076389
1 0.865625 0.491667 0.267188 0.063889
1 0.872656 0.556944 0.253125 0.061111
1 0.872266 0.613889 0.253906 0.075000
1 0.903516 0.676389 0.191406 0.077778
1 0.676562 0.380556 0.392188 0.116667
1 0.675000 0.286806 0.415625 0.148611
1 0.675391 0.468750 0.392969 0.093056
1 0.676953 0.570833 0.391406 0.097222
1 0.679688 0.657639 0.385937 0.118056
1 0.675391 0.744444 0.419531 0.152778
2 0.108594 0.543056 0.217188 0.602778
