1 0.769922 0.070139 0.060156 0.048611
4 0.771875 0.039583 0.060937 0.051389
4 0.773438 0.015972 0.060937 0.031944
4 0.758984 0.000694 0.005469 0.001389
2 0.833203 0.929167 0.332031 0.138889
2 0.382422 0.872917 0.466406 0.251389
2 0.922266 0.493056 0.153906 0.383333
2 0.704297 0.682639 0.305469 0.481944
2 0.407422 0.630556 0.294531 0.316667
1 0.570703 0.299306 0.185156 0.095833
1 0.573438 0.220833 0.196875 0.108333
1 0.572656 0.258333 0.195312 0.108333
2 0.766406 0.269444 0.209375 0.300000
2 0.920312 0.225694 0.157812 0.240278
2 0.363281 0.729861 0.329688 0.140278
2 0.785547 0.822917 0.383594 0.351389
2 0.799219 0.557639 0.400000 0.615278
2 0.970313 0.661806 0.057813 0.401389
1 0.559375 0.323611 0.095312 0.016667
1 0.426172 0.295833 0.107031 0.119444
1 0.425000 0.243056 0.106250 0.080556
1 0.426953 0.261111 0.110156 0.111111
1 0.666797 0.125000 0.136719 0.061111
1 0.882031 0.174306 0.176563 0.079167
1 0.885938 0.142361 0.176563 0.079167
