1 0.550391 0.843750 0.439844 0.148611
1 0.544531 0.928472 0.406250 0.140278
1 0.549609 0.960417 0.441406 0.076389
1 0.858203 0.790278 0.282031 0.080556
1 0.882812 0.857639 0.232813 0.084722
1 0.882812 0.917361 0.232813 0.112500
2 0.040625 0.759028 0.081250 0.304167
2 0.201563 0.646528 0.159375 0.226389
2 0.170313 0.778472 0.029687 0.079167
2 0.134766 0.537500 0.138281 0.177778
2 0.278516 0.754861 0.188281 0.268056
1 0.418750 0.731250 0.100000 0.026389
2 0.488672 0.709722 0.147656 0.130556
2 0.592187 0.740278 0.165625 0.205556
2 0.099219 0.734028 0.118750 0.209722
2 0.147266 0.759028 0.191406 0.293056
1 0.505859 0.746528 0.124219 0.026389
1 0.505469 0.766667 0.125000 0.016667
1 0.731250 0.784722 0.090625 0.030556
5 0.828906 0.720139 0.081250 0.151389
1 0.677344 0.738194 0.135937 0.031944
1 0.677344 0.709028 0.135937 0.029167
