2 0.041016 0.704167 0.082031 0.116667
2 0.152734 0.713194 0.125781 0.140278
1 0.318359 0.688194 0.116406 0.029167
1 0.305469 0.662500 0.090625 0.030556
1 0.305469 0.713194 0.090625 0.029167
1 0.305469 0.736806 0.090625 0.029167
1 0.317578 0.759028 0.114844 0.023611
1 0.311328 0.796528 0.077344 0.006944
2 0.519922 0.637500 0.075781 0.094444
3 0.557031 0.625694 0.184375 0.340278
1 0.196875 0.711111 0.085938 0.047222
1 0.199609 0.678472 0.091406 0.045833
1 0.197656 0.742361 0.082812 0.051389
1 0.197656 0.775000 0.082812 0.055556
1 0.198437 0.805556 0.081250 0.044444
1 0.172656 0.821528 0.010937 0.009722
1 0.001172 0.722222 0.002344 0.038889
2 0.831641 0.938194 0.335156 0.120833
2 0.582031 0.882639 0.310937 0.231944
2 0.451562 0.763194 0.232813 0.093056
2 0.104297 0.723611 0.208594 0.236111
2 0.188672 0.532639 0.377344 0.931944
2 0.499609 0.499306 0.999219 0.998611
2 0.067187 0.754167 0.134375 0.022222
2 0.990234 0.865278 0.017969 0.266667
2 0.904297 0.845139 0.189844 0.306944
2 0.571094 0.945139 0.496875 0.106944
2 0.559375 0.565972 0.559375 0.865278
2 0.285938 0.852778 0.185938 0.138889
2 0.252344 0.825694 0.196875 0.195833
