1 0.845703 0.871528 0.205469 0.051389
4 0.847656 0.822917 0.193750 0.056944
4 0.846484 0.770139 0.192969 0.051389
4 0.845703 0.720833 0.192969 0.055556
1 0.055078 0.763194 0.110156 0.048611
1 0.060156 0.659722 0.120313 0.061111
1 0.059375 0.711111 0.118750 0.058333
2 0.154297 0.767361 0.308594 0.390278
2 0.385937 0.766667 0.348438 0.463889
2 0.164453 0.419444 0.297656 0.411111
2 0.388281 0.357639 0.340625 0.493056
1 0.168359 0.836806 0.225781 0.048611
1 0.106641 0.868750 0.119531 0.020833
1 0.023828 0.880556 0.047656 0.041667
1 0.083984 0.797917 0.167969 0.040278
1 0.028125 0.838889 0.056250 0.041667
1 0.632031 0.858333 0.207813 0.047222
5 0.682031 0.709722 0.028125 0.022222
1 0.531641 0.766667 0.277344 0.055556
1 0.531250 0.709722 0.273438 0.061111
