2 0.042578 0.753472 0.085156 0.237500
2 0.048438 0.825694 0.096875 0.279167
2 0.057813 0.874306 0.115625 0.248611
2 0.036719 0.623611 0.073438 0.194444
2 0.287500 0.706250 0.131250 0.256944
2 0.267188 0.717361 0.079687 0.212500
2 0.225781 0.659028 0.098437 0.143056
2 0.227734 0.522917 0.107031 0.170833
2 0.332813 0.852778 0.154688 0.291667
1 0.501563 0.681250 0.054688 0.056944
1 0.515234 0.630556 0.089844 0.055556
1 0.499609 0.655556 0.058594 0.058333
2 0.595313 0.731944 0.135937 0.222222
2 0.675781 0.795833 0.170313 0.258333
2 0.593750 0.558333 0.143750 0.208333
2 0.680859 0.597222 0.164844 0.241667
2 0.128125 0.668750 0.089063 0.168056
2 0.106641 0.748611 0.022656 0.222222
2 0.143359 0.565278 0.116406 0.211111
2 0.169141 0.720833 0.124219 0.266667
2 0.194922 0.797917 0.157031 0.326389
1 0.682031 0.723611 0.037500 0.025000
1 0.933594 0.783333 0.131250 0.075000
5 0.986328 0.656250 0.025781 0.073611
1 0.789062 0.765278 0.154688 0.083333
1 0.789453 0.738889 0.153906 0.077778
