1 0.614844 0.750694 0.768750 0.409722
2 0.150781 0.399306 0.114062 0.134722
2 0.126562 0.411806 0.065625 0.162500
2 0.047656 0.336111 0.095312 0.383333
0 0.034375 0.086111 0.034375 0.025000
2 0.210938 0.352083 0.006250 0.023611
2 0.380859 0.125000 0.144531 0.113889
2 0.365234 0.337500 0.183594 0.375000
1 0.783984 0.344444 0.153906 0.036111
1 0.783984 0.275000 0.144531 0.044444
1 0.783984 0.310417 0.144531 0.040278
2 0.850781 0.343750 0.203125 0.281944
2 0.914453 0.338889 0.169531 0.358333
2 0.858594 0.118056 0.193750 0.236111
2 0.259375 0.393750 0.031250 0.106944
2 0.236719 0.397917 0.076563 0.115278
2 0.312109 0.115278 0.066406 0.125000
2 0.231250 0.218056 0.154688 0.297222
2 0.165625 0.183333 0.231250 0.366667
1 0.924219 0.431250 0.150000 0.023611
1 0.891016 0.429861 0.169531 0.026389
1 0.893359 0.371528 0.166406 0.031944
1 0.892578 0.402778 0.167969 0.033333
