2 0.344922 0.481944 0.119531 0.152778
2 0.457813 0.479861 0.118750 0.154167
2 0.457422 0.340972 0.119531 0.148611
1 0.601172 0.533333 0.119531 0.038889
2 0.806641 0.414583 0.128906 0.137500
3 0.880469 0.420139 0.190625 0.379167
1 0.543750 0.582639 0.103125 0.056944
1 0.323828 0.572917 0.155469 0.056944
1 0.325000 0.604861 0.162500 0.059722
2 0.119141 0.525694 0.099219 0.206944
2 0.975781 0.680556 0.046875 0.322222
2 0.908594 0.643056 0.181250 0.327778
2 0.764453 0.637500 0.366406 0.511111
2 0.896875 0.809722 0.204687 0.377778
2 0.607812 0.700000 0.226562 0.411111
2 0.053906 0.797222 0.026562 0.402778
2 0.073828 0.751389 0.041406 0.400000
2 0.041797 0.351389 0.083594 0.563889
2 0.034375 0.366667 0.068750 0.430556
2 0.892578 0.762500 0.213281 0.472222
2 0.778906 0.678472 0.259375 0.381944
