1 0.737500 0.452778 0.007812 0.036111
4 0.738281 0.414583 0.007812 0.040278
4 0.742578 0.372917 0.008594 0.040278
4 0.742969 0.330556 0.009375 0.050000
2 0.217188 0.654861 0.434375 0.687500
2 0.734766 0.786806 0.528906 0.423611
1 0.107031 0.523611 0.192188 0.075000
2 0.337109 0.546528 0.272656 0.387500
2 0.644531 0.548611 0.268750 0.383333
2 0.182812 0.875694 0.365625 0.245833
2 0.722656 0.884028 0.553125 0.229167
1 0.183594 0.559028 0.007812 0.001389
1 0.491797 0.480556 0.038281 0.038889
0 0.987891 0.070833 0.022656 0.044444
0 0.963281 0.271528 0.056250 0.076389
1 0.630859 0.479167 0.208594 0.080556
1 0.631641 0.443056 0.210156 0.058333
