2 0.812109 0.915278 0.374219 0.166667
1 0.715625 0.832639 0.160938 0.051389
1 0.057031 0.761111 0.048438 0.044444
2 0.154688 0.791667 0.151562 0.236111
2 0.223438 0.823611 0.187500 0.277778
2 0.122266 0.582639 0.102344 0.220833
2 0.229297 0.584028 0.177344 0.254167
1 0.259375 0.764583 0.057813 0.043056
1 0.257812 0.797222 0.054688 0.033333
1 0.265625 0.821528 0.070312 0.029167
1 0.446484 0.791667 0.044531 0.027778
5 0.611328 0.734028 0.091406 0.190278
0 0.985938 0.461806 0.026562 0.051389
0 0.962500 0.693750 0.073438 0.090278
1 0.366406 0.798611 0.162500 0.055556
1 0.366406 0.763889 0.160938 0.052778
