2 0.012109 0.021528 0.008594 0.043056
3 0.082422 0.147222 0.164844 0.294444
2 0.801562 0.544444 0.296875 0.305556
2 0.484766 0.424306 0.297656 0.429167
2 0.242578 0.276389 0.285156 0.191667
2 0.238281 0.497917 0.476562 0.687500
2 0.717969 0.712500 0.509375 0.572222
2 0.992969 0.921528 0.012500 0.154167
2 0.083203 0.598611 0.166406 0.588889
2 0.581250 0.171528 0.007812 0.148611
2 0.494141 0.154167 0.182031 0.177778
2 0.777734 0.633333 0.399219 0.525000
2 0.790234 0.241667 0.417969 0.483333
2 0.392188 0.358333 0.379688 0.522222
2 0.141797 0.281944 0.283594 0.422222
