1 0.982422 0.853472 0.033594 0.104167
2 0.916406 0.650694 0.157812 0.270833
0 0.723828 0.320139 0.041406 0.043056
0 0.643359 0.377778 0.038281 0.044444
1 0.020313 0.797222 0.040625 0.058333
4 0.019531 0.754861 0.039062 0.062500
4 0.018750 0.709722 0.037500 0.058333
4 0.017578 0.644444 0.035156 0.100000
2 0.104297 0.962500 0.208594 0.072222
2 0.318359 0.889583 0.310156 0.218056
0 0.269141 0.513889 0.030469 0.038889
0 0.259375 0.319444 0.032813 0.044444
1 0.181641 0.929861 0.278906 0.137500
3 0.479687 0.453472 0.214062 0.381944
1 0.180078 0.915972 0.267969 0.165278
