1 0.950000 0.567361 0.098437 0.109722
4 0.951953 0.517361 0.094531 0.112500
4 0.953125 0.465278 0.092188 0.105556
4 0.953906 0.413889 0.090625 0.105556
2 0.006250 0.364583 0.012500 0.198611
2 0.023438 0.344444 0.046875 0.208333
1 0.258203 0.363194 0.007031 0.065278
1 0.305469 0.312500 0.096875 0.036111
1 0.258984 0.336111 0.003906 0.055556
2 0.318750 0.408333 0.120313 0.252778
2 0.330078 0.490972 0.153906 0.334722
1 0.410938 0.407639 0.054688 0.062500
1 0.408203 0.439583 0.047656 0.056944
1 0.409766 0.359722 0.053906 0.030556
1 0.410938 0.367361 0.051562 0.023611
1 0.669531 0.425000 0.135937 0.072222
5 0.901953 0.409028 0.092969 0.190278
1 0.509766 0.473611 0.164844 0.105556
1 0.508984 0.434028 0.153906 0.095833
