2 0.085547 0.599306 0.157031 0.201389
3 0.276172 0.586111 0.128906 0.436111
1 0.180078 0.797222 0.233594 0.077778
1 0.180078 0.843750 0.224219 0.076389
1 0.235547 0.907639 0.210156 0.159722
1 0.234766 0.947222 0.227344 0.102778
2 0.940625 0.702778 0.095312 0.172222
2 0.828516 0.713194 0.205469 0.248611
2 0.994531 0.506944 0.009375 0.005556
2 0.915625 0.565278 0.146875 0.125000
2 0.935156 0.768056 0.128125 0.327778
2 0.794531 0.657639 0.139063 0.173611
2 0.671875 0.661111 0.142187 0.177778
2 0.986719 0.617361 0.025000 0.231944
2 0.893750 0.625000 0.210938 0.275000
