2 0.535547 0.292361 0.132031 0.062500
2 0.417969 0.293750 0.007812 0.062500
0 0.683203 0.156250 0.039844 0.026389
2 0.680859 0.302778 0.177344 0.105556
2 0.414453 0.340972 0.075781 0.218056
2 0.594531 0.423611 0.239063 0.050000
2 0.714453 0.386806 0.039844 0.062500
1 0.905469 0.695833 0.187500 0.116667
2 0.595313 0.704167 0.443750 0.588889
2 0.599219 0.226389 0.443750 0.452778
2 0.685937 0.398611 0.095312 0.086111
2 0.556641 0.425000 0.163281 0.047222
2 0.530859 0.206250 0.221094 0.237500
1 0.957812 0.960417 0.082812 0.076389
1 0.139844 0.971528 0.253125 0.054167
1 0.191406 0.931250 0.382812 0.134722
