1 0.566016 0.764583 0.189844 0.095833
4 0.570312 0.718056 0.189062 0.102778
4 0.570703 0.671528 0.189844 0.098611
4 0.571094 0.611806 0.190625 0.129167
2 0.955469 0.976389 0.087500 0.044444
1 0.237891 0.972917 0.175781 0.051389
1 0.280469 0.972917 0.256250 0.051389
5 0.364844 0.706944 0.090625 0.227778
0 0.859375 0.271528 0.037500 0.051389
0 0.852344 0.387500 0.054688 0.047222
0 0.812500 0.395139 0.056250 0.045833
0 0.782813 0.597917 0.007812 0.034722
1 0.698438 0.994444 0.037500 0.008333
1 0.835547 0.959722 0.327344 0.077778
