2 0.311328 0.454167 0.024219 0.050000
2 0.377734 0.451389 0.108594 0.058333
3 0.801562 0.459722 0.140625 0.022222
1 0.482031 0.466667 0.112500 0.027778
1 0.482031 0.481944 0.112500 0.002778
1 0.329688 0.461806 0.059375 0.031944
2 0.852734 0.448611 0.111719 0.094444
2 0.780078 0.284028 0.258594 0.273611
2 0.938672 0.488889 0.071094 0.213889
2 0.632812 0.392361 0.240625 0.326389
1 0.289844 0.252778 0.579688 0.252778
1 0.223047 0.071528 0.438281 0.143056
1 0.282031 0.114583 0.554688 0.229167
2 0.149609 0.341667 0.299219 0.683333
2 0.082031 0.340972 0.164062 0.376389
2 0.002344 0.109028 0.004687 0.148611
2 0.858984 0.283333 0.100781 0.275000
2 0.764453 0.285417 0.239844 0.276389
