1 0.521484 0.518056 0.028906 0.041667
2 0.078125 0.900694 0.156250 0.195833
2 0.498437 0.893056 0.668750 0.211111
2 0.128125 0.613194 0.256250 0.429167
2 0.448047 0.653472 0.350781 0.176389
2 0.276562 0.601389 0.043750 0.275000
2 0.423828 0.581944 0.200781 0.241667
2 0.183203 0.332639 0.228906 0.279167
2 0.421875 0.334722 0.204687 0.280556
2 0.110547 0.719444 0.221094 0.558333
2 0.467578 0.717361 0.469531 0.562500
1 0.389453 0.547917 0.138281 0.040278
5 0.314844 0.463889 0.018750 0.144444
0 0.737500 0.207639 0.025000 0.034722
0 0.741797 0.385417 0.025781 0.029167
1 0.409375 0.540972 0.135937 0.056944
3 0.924219 0.370833 0.150000 0.355556
1 0.424219 0.502083 0.165625 0.059722
