1 0.694141 0.816667 0.216406 0.208333
2 0.796875 0.561111 0.206250 0.283333
0 0.826172 0.199306 0.041406 0.026389
0 0.775391 0.255556 0.036719 0.030556
1 0.117188 0.452083 0.087500 0.045833
4 0.116797 0.413889 0.089844 0.063889
4 0.114844 0.382639 0.092188 0.062500
4 0.112500 0.350694 0.093750 0.059722
2 0.007031 0.889583 0.014063 0.218056
2 0.033203 0.606944 0.066406 0.291667
0 0.349609 0.136111 0.021094 0.036111
0 0.351172 0.222222 0.025781 0.030556
0 0.312891 0.225694 0.035156 0.029167
0 0.317188 0.375694 0.035937 0.031944
1 0.037500 0.531250 0.075000 0.073611
3 0.584375 0.279861 0.240625 0.340278
1 0.039062 0.495833 0.078125 0.080556
