1 0.447656 0.436111 0.140625 0.036111
2 0.002734 0.515278 0.005469 0.241667
2 0.035547 0.369444 0.071094 0.291667
2 0.165234 0.383333 0.278906 0.333333
2 0.033203 0.122222 0.066406 0.244444
2 0.162500 0.121528 0.279687 0.243056
1 0.289453 0.431944 0.167969 0.038889
5 0.293359 0.321528 0.007031 0.009722
0 0.754297 0.070139 0.038281 0.043056
0 0.752734 0.181944 0.030469 0.030556
0 0.702734 0.183333 0.042969 0.030556
0 0.703516 0.377778 0.042969 0.030556
1 0.250000 0.373611 0.215625 0.044444
3 0.945312 0.413889 0.107813 0.113889
1 0.250000 0.329861 0.228125 0.043056
