2 0.559375 0.808333 0.121875 0.158333
2 0.678906 0.811111 0.135937 0.172222
2 0.676172 0.651389 0.133594 0.177778
1 0.827734 0.857639 0.091406 0.029167
1 0.841016 0.886111 0.111719 0.030556
2 0.991406 0.675000 0.015625 0.177778
3 0.875000 0.650000 0.248438 0.561111
1 0.577734 0.843056 0.152344 0.033333
1 0.578125 0.878472 0.153125 0.037500
2 0.000781 0.347222 0.001563 0.030556
2 0.172656 0.689583 0.345313 0.618056
2 0.342187 0.759722 0.320312 0.475000
2 0.034766 0.847222 0.069531 0.169444
2 0.060547 0.569444 0.121094 0.444444
2 0.158594 0.585417 0.317188 0.426389
