2 0.222266 0.900694 0.444531 0.195833
1 0.844922 0.350000 0.178906 0.097222
4 0.849609 0.305556 0.182031 0.102778
4 0.851953 0.259028 0.183594 0.095833
4 0.853516 0.209722 0.183594 0.102778
1 0.136328 0.186111 0.014844 0.066667
2 0.201563 0.241667 0.126562 0.263889
2 0.228906 0.309722 0.157812 0.330556
2 0.198437 0.072917 0.131250 0.145833
1 0.305859 0.193750 0.041406 0.056944
1 0.318359 0.225000 0.033594 0.052778
1 0.310937 0.252778 0.017188 0.052778
1 0.601953 0.284722 0.152344 0.083333
5 0.755859 0.182639 0.110156 0.231944
1 0.397656 0.286806 0.162500 0.101389
1 0.396094 0.249306 0.153125 0.093056
