1 0.239453 0.581944 0.100781 0.047222
4 0.217188 0.540278 0.148438 0.055556
4 0.215234 0.498611 0.149219 0.058333
4 0.213672 0.435417 0.149219 0.095833
2 0.094141 0.861111 0.188281 0.275000
2 0.086719 0.626389 0.173437 0.530556
5 0.030078 0.354167 0.035156 0.033333
0 0.549609 0.138194 0.041406 0.051389
0 0.548828 0.256250 0.039844 0.045833
0 0.496484 0.260417 0.050781 0.043056
0 0.498828 0.464583 0.049219 0.045833
1 0.186328 0.813194 0.013281 0.095833
3 0.844141 0.340972 0.310156 0.476389
1 0.187500 0.736111 0.021875 0.163889
