2 0.500781 0.568056 0.118750 0.105556
2 0.603516 0.576389 0.117969 0.150000
2 0.501172 0.457639 0.119531 0.156944
1 0.735156 0.564583 0.117188 0.045833
1 0.735156 0.586806 0.117188 0.043056
1 0.733984 0.605556 0.111719 0.038889
1 0.757422 0.624306 0.071094 0.031944
2 0.932031 0.538194 0.109375 0.168056
3 0.934766 0.565278 0.128906 0.366667
1 0.728906 0.637500 0.126562 0.069444
1 0.728125 0.668056 0.118750 0.063889
1 0.728516 0.693056 0.125781 0.072222
1 0.727734 0.718056 0.117969 0.061111
1 0.593359 0.667361 0.044531 0.054167
1 0.593359 0.702083 0.044531 0.045833
1 0.593359 0.726389 0.044531 0.052778
1 0.595313 0.747917 0.048438 0.026389
2 0.313672 0.668750 0.080469 0.215278
0 0.018359 0.442361 0.036719 0.020833
2 0.986719 0.869444 0.025000 0.258333
2 0.904687 0.873611 0.189062 0.250000
2 0.406250 0.931250 0.154688 0.134722
2 0.585547 0.807639 0.363281 0.381944
2 0.450391 0.768056 0.249219 0.461111
2 0.966406 0.763194 0.065625 0.276389
