2 0.958203 0.282639 0.082031 0.212500
0 0.847656 0.024306 0.037500 0.018056
0 0.775000 0.078472 0.034375 0.020833
1 0.266016 0.345833 0.008594 0.022222
4 0.285156 0.312500 0.050000 0.047222
4 0.284375 0.278472 0.050000 0.045833
4 0.283203 0.237500 0.050781 0.061111
2 0.983203 0.988889 0.032031 0.019444
2 0.742578 0.664583 0.332031 0.562500
2 0.470313 0.829861 0.412500 0.337500
2 0.198828 0.920139 0.321094 0.156944
2 0.910547 0.634722 0.177344 0.400000
1 0.125000 0.649306 0.250000 0.165278
1 0.127344 0.561806 0.254688 0.145833
1 0.128125 0.602778 0.256250 0.166667
2 0.330078 0.556250 0.244531 0.343056
2 0.502734 0.472917 0.207031 0.298611
2 0.321094 0.282639 0.251563 0.351389
2 0.501953 0.231944 0.216406 0.302778
2 0.692187 0.895139 0.465625 0.206944
2 0.877734 0.728472 0.242969 0.540278
2 0.969922 0.601389 0.058594 0.375000
1 0.084766 0.681944 0.169531 0.077778
1 0.246875 0.420139 0.029687 0.020833
5 0.080469 0.321528 0.037500 0.168056
0 0.449609 0.009028 0.030469 0.018056
1 0.404687 0.408333 0.178125 0.088889
3 0.628906 0.139583 0.185938 0.279167
1 0.414453 0.386111 0.105469 0.066667
