1 0.836719 0.574306 0.059375 0.051389
2 0.090234 0.928472 0.180469 0.140278
2 0.517188 0.950694 0.689063 0.095833
2 0.232813 0.680556 0.426563 0.530556
2 0.043750 0.806944 0.087500 0.383333
2 0.042578 0.388194 0.085156 0.415278
2 0.627734 0.715278 0.417969 0.188889
2 0.506250 0.626389 0.126562 0.300000
2 0.695703 0.647222 0.227344 0.319444
2 0.453906 0.360417 0.234375 0.301389
2 0.698047 0.366667 0.230469 0.319444
2 0.171484 0.836111 0.342969 0.325000
2 0.576172 0.858333 0.574219 0.280556
1 0.503125 0.577778 0.118750 0.052778
5 0.646094 0.477778 0.060937 0.194444
1 0.712500 0.593056 0.193750 0.069444
1 0.707812 0.559722 0.176563 0.050000
