2 0.008203 0.360417 0.016406 0.059722
2 0.105469 0.420833 0.210938 0.394444
2 0.146484 0.465972 0.180469 0.318056
2 0.187500 0.409028 0.145313 0.262500
2 0.137891 0.200694 0.186719 0.290278
2 0.180859 0.184722 0.149219 0.241667
2 0.080469 0.711111 0.160938 0.575000
1 0.621875 0.447917 0.151562 0.087500
1 0.623437 0.363889 0.164062 0.080556
1 0.622656 0.405556 0.162500 0.086111
2 0.682422 0.536111 0.210156 0.391667
2 0.766406 0.673611 0.314063 0.541667
2 0.054688 0.343750 0.109375 0.134722
2 0.045312 0.470139 0.090625 0.312500
2 0.043359 0.200000 0.086719 0.291667
2 0.006641 0.322917 0.013281 0.195833
1 0.791016 0.511806 0.183594 0.081944
1 0.796094 0.554167 0.206250 0.086111
1 0.729297 0.497917 0.130469 0.054167
1 0.764453 0.443750 0.171094 0.040278
1 0.756641 0.463889 0.183594 0.055556
1 0.935547 0.643056 0.127344 0.177778
1 0.937109 0.589583 0.124219 0.159722
