1 0.899609 0.536806 0.199219 0.043056
4 0.903906 0.486806 0.190625 0.054167
4 0.903906 0.435417 0.190625 0.054167
4 0.903906 0.389583 0.190625 0.059722
1 0.095312 0.423611 0.190625 0.050000
1 0.100391 0.331250 0.200781 0.059722
1 0.100391 0.377778 0.200781 0.058333
2 0.219922 0.412500 0.263281 0.341667
2 0.407031 0.396528 0.306250 0.412500
2 0.225391 0.150000 0.252344 0.300000
2 0.401562 0.134722 0.315625 0.269444
1 0.257422 0.534028 0.211719 0.043056
1 0.133984 0.549306 0.060156 0.012500
1 0.168359 0.464583 0.172656 0.034722
1 0.169531 0.497917 0.170313 0.029167
1 0.628906 0.517361 0.181250 0.037500
5 0.734766 0.461806 0.071094 0.173611
1 0.566016 0.414583 0.242969 0.056944
1 0.565234 0.364583 0.241406 0.065278
