2 0.201953 0.535417 0.105469 0.140278
2 0.186719 0.562500 0.023438 0.086111
2 0.026953 0.804861 0.053906 0.048611
2 0.087891 0.429167 0.135156 0.169444
2 0.019922 0.455556 0.039844 0.163889
0 0.242969 0.278472 0.037500 0.026389
2 0.311719 0.416667 0.125000 0.102778
2 0.311328 0.595833 0.180469 0.286111
2 0.408203 0.615278 0.141406 0.238889
2 0.482812 0.559028 0.098437 0.215278
2 0.405078 0.429167 0.147656 0.225000
2 0.198047 0.781944 0.222656 0.361111
1 0.753516 0.670139 0.097656 0.093056
1 0.783203 0.603472 0.042969 0.084722
1 0.741406 0.637500 0.125000 0.088889
2 0.702734 0.769444 0.163281 0.330556
2 0.644922 0.846528 0.200781 0.304167
2 0.707422 0.522917 0.164844 0.309722
2 0.648828 0.607639 0.205469 0.390278
2 0.413281 0.472222 0.085938 0.069444
2 0.310156 0.404861 0.151562 0.187500
2 0.205469 0.535417 0.182812 0.190278
2 0.094531 0.652778 0.189062 0.327778
1 0.902734 0.686806 0.171094 0.106944
1 0.968750 0.742361 0.034375 0.070833
1 0.967187 0.779167 0.034375 0.069444
1 0.966406 0.798611 0.032813 0.038889
1 0.844922 0.965278 0.160156 0.066667
1 0.854297 0.904861 0.191406 0.187500
