2 0.926172 0.895833 0.146094 0.205556
1 0.447266 0.759722 0.114844 0.047222
2 0.014453 0.913194 0.028906 0.170833
2 0.066016 0.806250 0.132031 0.226389
2 0.183984 0.821528 0.183594 0.248611
2 0.065625 0.616667 0.131250 0.213889
1 0.047266 0.790278 0.094531 0.066667
1 0.047266 0.813194 0.094531 0.056944
1 0.007031 0.746528 0.014063 0.029167
1 0.007031 0.763194 0.014063 0.012500
1 0.312891 0.772222 0.085156 0.041667
5 0.359375 0.695833 0.010937 0.116667
0 0.677734 0.493056 0.032031 0.033333
0 0.677734 0.579167 0.027344 0.027778
0 0.639453 0.577778 0.036719 0.027778
0 0.640234 0.729167 0.036719 0.030556
1 0.257812 0.778472 0.153125 0.059722
3 0.887500 0.668056 0.223438 0.375000
1 0.258203 0.753472 0.161719 0.054167
