1 0.750000 0.498611 0.220312 0.108333
4 0.753516 0.440972 0.224219 0.115278
4 0.755078 0.380556 0.225781 0.105556
4 0.756250 0.320139 0.226562 0.106944
2 0.004687 0.375000 0.009375 0.291667
2 0.001953 0.490278 0.003906 0.127778
1 0.070312 0.405556 0.065625 0.055556
1 0.073438 0.366667 0.070312 0.025000
1 0.051172 0.320833 0.030469 0.036111
1 0.074609 0.350694 0.074219 0.043056
1 0.415625 0.398611 0.150000 0.075000
5 0.641797 0.339583 0.100781 0.212500
1 0.151562 0.415278 0.173437 0.100000
1 0.150000 0.360417 0.190625 0.104167
