2 0.410547 0.652778 0.114844 0.258333
2 0.389062 0.734028 0.140625 0.318056
2 0.353516 0.819444 0.189844 0.358333
2 0.094531 0.513889 0.143750 0.205556
2 0.051562 0.568056 0.103125 0.252778
0 0.283594 0.309722 0.043750 0.047222
2 0.423828 0.512500 0.096094 0.200000
2 0.697656 0.627778 0.162500 0.305556
2 0.659375 0.651389 0.123438 0.255556
2 0.635938 0.598611 0.100000 0.216667
2 0.661328 0.447222 0.125781 0.227778
2 0.739062 0.818056 0.203125 0.361111
2 0.014063 0.694444 0.028125 0.241667
1 0.969531 0.640972 0.059375 0.079167
2 0.533594 0.593750 0.092188 0.187500
2 0.534375 0.645139 0.120313 0.243056
2 0.533984 0.418056 0.092969 0.191667
2 0.545312 0.722222 0.132812 0.300000
2 0.548828 0.818750 0.182031 0.359722
