2 0.929688 0.936111 0.139063 0.125000
1 0.432812 0.891667 0.201563 0.150000
1 0.432422 0.930556 0.200781 0.136111
1 0.433594 0.959722 0.187500 0.077778
2 0.736719 0.839583 0.200000 0.309722
1 0.446094 0.638194 0.104688 0.045833
2 0.007422 0.788194 0.014844 0.215278
1 0.024219 0.636111 0.048438 0.036111
1 0.022266 0.593056 0.044531 0.033333
1 0.022656 0.614583 0.045312 0.040278
2 0.072266 0.663889 0.144531 0.183333
2 0.175391 0.680556 0.150781 0.205556
2 0.071094 0.508333 0.142187 0.177778
1 0.082812 0.627778 0.109375 0.055556
1 0.080859 0.651389 0.114844 0.052778
1 0.078125 0.671528 0.114062 0.048611
1 0.000781 0.676389 0.001563 0.011111
1 0.053125 0.607639 0.046875 0.018056
1 0.330859 0.645833 0.061719 0.038889
5 0.369922 0.579861 0.022656 0.109722
0 0.640625 0.406250 0.028125 0.031944
0 0.645703 0.557639 0.024219 0.026389
1 0.257812 0.650000 0.120313 0.052778
3 0.850000 0.576389 0.256250 0.350000
1 0.249609 0.629167 0.130469 0.041667
