1 0.967578 0.554861 0.063281 0.068056
1 0.541016 0.541667 0.116406 0.025000
4 0.543750 0.508333 0.115625 0.033333
4 0.544922 0.477083 0.113281 0.031944
4 0.544922 0.446528 0.113281 0.034722
2 0.016406 0.404861 0.032813 0.506944
2 0.021094 0.303472 0.042188 0.329167
2 0.136719 0.430556 0.271875 0.380556
1 0.068359 0.461111 0.061719 0.033333
2 0.166406 0.443056 0.185938 0.194444
2 0.339062 0.458333 0.193750 0.241667
2 0.090625 0.413194 0.179688 0.465278
1 0.107813 0.515972 0.148438 0.029167
1 0.048047 0.543750 0.005469 0.020833
1 0.006641 0.540972 0.011719 0.012500
1 0.462891 0.529861 0.050781 0.026389
5 0.443359 0.529167 0.008594 0.013889
0 0.794531 0.235417 0.020313 0.034722
0 0.794531 0.326389 0.023438 0.025000
0 0.752734 0.329167 0.036719 0.025000
0 0.754297 0.489583 0.036719 0.023611
1 0.454297 0.465972 0.036719 0.031944
3 0.925781 0.551389 0.025000 0.005556
1 0.456641 0.432639 0.041406 0.037500
