1 0.559766 0.645139 0.178906 0.056944
4 0.563281 0.598611 0.178125 0.066667
4 0.563281 0.550694 0.178125 0.062500
4 0.563672 0.504167 0.178906 0.066667
2 0.117578 0.720833 0.235156 0.483333
2 0.115625 0.295833 0.231250 0.466667
1 0.381641 0.655556 0.172656 0.066667
5 0.414453 0.486111 0.039844 0.061111
0 0.952734 0.187500 0.055469 0.058333
0 0.950000 0.335417 0.043750 0.040278
0 0.881250 0.336806 0.062500 0.040278
0 0.880859 0.588194 0.061719 0.048611
1 0.233984 0.643056 0.257031 0.094444
1 0.223828 0.591667 0.294531 0.086111
