2 0.457813 0.652083 0.184375 0.259722
2 0.251563 0.576389 0.200000 0.130556
2 0.086719 0.572917 0.173437 0.145833
2 0.687500 0.379167 0.131250 0.122222
2 0.494531 0.412500 0.135937 0.202778
0 0.800391 0.284028 0.033594 0.045833
2 0.139063 0.729861 0.278125 0.384722
2 0.410156 0.842361 0.250000 0.312500
2 0.671875 0.881250 0.248438 0.234722
2 0.407813 0.593056 0.259375 0.388889
2 0.678125 0.610417 0.259375 0.401389
2 0.032031 0.792361 0.064062 0.293056
2 0.361719 0.472222 0.137500 0.194444
2 0.228906 0.468056 0.146875 0.197222
2 0.012891 0.859722 0.025781 0.277778
2 0.702344 0.805556 0.217188 0.313889
2 0.442188 0.745833 0.207813 0.313889
2 0.214844 0.747222 0.214062 0.325000
2 0.037109 0.736111 0.074219 0.305556
