1 0.919141 0.346528 0.046094 0.051389
1 0.918359 0.285417 0.049219 0.065278
1 0.917188 0.412500 0.048438 0.061111
1 0.915234 0.474306 0.049219 0.065278
1 0.915234 0.533333 0.047656 0.063889
1 0.910156 0.592361 0.056250 0.073611
2 0.894141 0.432639 0.096094 0.279167
4 0.000781 0.451389 0.001563 0.019444
4 0.000391 0.421528 0.000781 0.037500
2 0.499609 0.499306 0.999219 0.998611
2 0.184375 0.581250 0.368750 0.834722
2 0.013281 0.482639 0.026562 0.431944
2 0.401172 0.515278 0.802344 0.966667
0 0.251953 0.115278 0.039844 0.044444
0 0.252734 0.215972 0.036719 0.031944
0 0.203906 0.212500 0.051562 0.030556
0 0.206641 0.420139 0.049219 0.045833
3 0.528516 0.308333 0.275781 0.380556
