2 0.186719 0.339583 0.157812 0.037500
2 0.028906 0.438194 0.057813 0.245833
2 0.299219 0.282639 0.043750 0.131944
2 0.157031 0.338194 0.128125 0.040278
0 0.448047 0.104861 0.030469 0.004167
2 0.381250 0.284722 0.156250 0.133333
2 0.019531 0.379167 0.039062 0.311111
2 0.197266 0.346528 0.221094 0.023611
2 0.420703 0.461111 0.214844 0.263889
2 0.419141 0.206250 0.219531 0.279167
2 0.043359 0.329861 0.086719 0.084722
1 0.235156 0.680556 0.360938 0.172222
1 0.232031 0.546528 0.365625 0.109722
1 0.233594 0.604167 0.362500 0.161111
2 0.007422 0.665972 0.014844 0.470833
2 0.395703 0.338889 0.133594 0.022222
2 0.189062 0.344444 0.195312 0.027778
2 0.416797 0.210417 0.192969 0.237500
2 0.185156 0.206944 0.201563 0.261111
2 0.026562 0.355556 0.053125 0.266667
1 0.210547 0.952083 0.289844 0.093056
1 0.554297 0.950694 0.277344 0.095833
1 0.619922 0.870833 0.410156 0.255556
1 0.601953 0.910417 0.372656 0.176389
