2 0.491406 0.306944 0.121875 0.150000
2 0.605859 0.310417 0.124219 0.156944
2 0.606641 0.157639 0.124219 0.162500
1 0.737891 0.380556 0.075781 0.033333
2 0.928125 0.202083 0.082812 0.140278
3 0.812891 0.228472 0.289844 0.456944
1 0.514453 0.361111 0.138281 0.041667
1 0.514062 0.393750 0.139063 0.043056
1 0.324219 0.352083 0.084375 0.037500
1 0.323828 0.385417 0.075781 0.031944
2 0.282422 0.284028 0.003906 0.095833
2 0.050391 0.477778 0.100781 0.622222
2 0.173437 0.443056 0.346875 0.538889
2 0.321484 0.393056 0.271094 0.394444
2 0.956641 0.345139 0.085156 0.690278
2 0.065625 0.367361 0.131250 0.301389
2 0.979688 0.449306 0.037500 0.401389
2 0.957031 0.403472 0.068750 0.406944
2 0.066406 0.397917 0.132812 0.387500
2 0.142969 0.376389 0.285938 0.330556
