1 0.398828 0.297222 0.005469 0.041667
2 0.075000 0.736111 0.150000 0.525000
2 0.347656 0.729167 0.348438 0.266667
2 0.084766 0.492361 0.169531 0.329167
2 0.296094 0.499306 0.210938 0.295833
2 0.078516 0.237500 0.157031 0.327778
2 0.286328 0.227083 0.221094 0.329167
2 0.060547 0.920833 0.121094 0.155556
2 0.387891 0.884722 0.436719 0.227778
1 0.171094 0.370833 0.040625 0.036111
5 0.179688 0.177778 0.062500 0.116667
0 0.573438 0.129167 0.040625 0.069444
1 0.291797 0.403472 0.169531 0.070833
3 0.839844 0.152778 0.270313 0.305556
1 0.291797 0.376389 0.169531 0.052778
