1 0.788672 0.679861 0.100781 0.043056
4 0.788281 0.648611 0.100000 0.047222
4 0.789844 0.617361 0.096875 0.045833
4 0.789844 0.584722 0.098437 0.052778
2 0.103906 0.904167 0.207813 0.188889
2 0.310937 0.928472 0.401562 0.140278
2 0.270703 0.742361 0.261719 0.331944
2 0.071094 0.825694 0.142187 0.268056
2 0.004297 0.694444 0.008594 0.005556
2 0.091406 0.574306 0.182812 0.298611
2 0.009375 0.536806 0.018750 0.223611
2 0.496484 0.857639 0.269531 0.281944
2 0.471875 0.680556 0.145313 0.158333
2 0.628906 0.738194 0.179688 0.265278
2 0.457031 0.519444 0.176563 0.225000
2 0.041406 0.859028 0.082812 0.279167
2 0.162500 0.868750 0.306250 0.259722
2 0.424219 0.886806 0.321875 0.223611
1 0.423438 0.677083 0.048438 0.062500
1 0.423828 0.703472 0.047656 0.059722
1 0.427734 0.727083 0.049219 0.059722
1 0.524609 0.676389 0.122656 0.038889
1 0.662891 0.693056 0.152344 0.063889
1 0.663281 0.667361 0.151562 0.051389
