1 0.931641 0.447222 0.005469 0.022222
2 0.000391 0.987500 0.000781 0.022222
2 0.494531 0.709028 0.404687 0.579167
2 0.151562 0.780556 0.303125 0.436111
2 0.006641 0.815972 0.013281 0.234722
2 0.864062 0.820139 0.270313 0.356944
1 0.360156 0.534028 0.215625 0.090278
2 0.583203 0.534028 0.222656 0.279167
2 0.846094 0.577778 0.242188 0.361111
2 0.586328 0.286111 0.228906 0.322222
2 0.098437 0.851389 0.196875 0.294444
2 0.399609 0.872222 0.532031 0.252778
2 0.868750 0.904861 0.260937 0.187500
1 0.432422 0.559028 0.139844 0.104167
1 0.285156 0.575000 0.126562 0.041667
1 0.666016 0.463889 0.055469 0.019444
5 0.705078 0.345139 0.064844 0.204167
1 0.832422 0.501389 0.188281 0.086111
1 0.836328 0.475000 0.194531 0.061111
