1 0.991016 0.920833 0.016406 0.111111
4 0.994922 0.831944 0.008594 0.100000
4 0.995313 0.748611 0.007812 0.094444
4 0.995703 0.671528 0.007031 0.093056
2 0.022656 0.526389 0.045312 0.088889
2 0.002344 0.565972 0.004687 0.045833
2 0.060156 0.599306 0.120313 0.220833
2 0.125391 0.578472 0.149219 0.193056
2 0.059766 0.390278 0.119531 0.208333
2 0.273828 0.654861 0.189844 0.284722
2 0.145313 0.703472 0.273438 0.376389
2 0.147266 0.362500 0.267969 0.347222
2 0.025781 0.565278 0.051562 0.161111
2 0.010156 0.571528 0.020313 0.170833
2 0.063281 0.390972 0.126562 0.159722
1 0.519531 0.710417 0.164062 0.070833
1 0.544922 0.688194 0.153906 0.051389
1 0.772266 0.800694 0.158594 0.070833
5 0.993359 0.515972 0.011719 0.023611
1 0.350781 0.706250 0.234375 0.104167
1 0.350391 0.652778 0.233594 0.091667
