2 0.559375 0.511806 0.115625 0.168056
2 0.677734 0.521528 0.113281 0.168056
2 0.679297 0.377778 0.114844 0.163889
1 0.841016 0.574306 0.122656 0.056944
1 0.839063 0.600694 0.117188 0.051389
2 0.987500 0.480556 0.023438 0.130556
3 0.911719 0.564583 0.175000 0.476389
1 0.644141 0.649306 0.119531 0.087500
1 0.643750 0.684028 0.118750 0.081944
1 0.406641 0.634722 0.153906 0.072222
1 0.406641 0.670139 0.146094 0.059722
2 0.299609 0.532639 0.117969 0.170833
2 0.641406 0.934722 0.234375 0.127778
2 0.667188 0.860417 0.192188 0.276389
2 0.208203 0.832639 0.197656 0.331944
2 0.057422 0.798611 0.114844 0.400000
2 0.276953 0.847222 0.227344 0.302778
2 0.008984 0.997222 0.017969 0.002778
2 0.211328 0.803472 0.422656 0.390278
2 0.380469 0.923611 0.278125 0.150000
2 0.462500 0.852083 0.218750 0.293056
3 0.008594 0.442361 0.017188 0.240278
