2 0.422656 0.501389 0.118750 0.058333
2 0.278906 0.610417 0.201563 0.276389
2 0.590625 0.385417 0.128125 0.043056
2 0.445703 0.446528 0.136719 0.162500
0 0.740234 0.279861 0.035156 0.026389
2 0.775781 0.438889 0.154688 0.125000
2 0.600781 0.534722 0.239063 0.300000
2 0.803906 0.624306 0.195312 0.287500
2 0.893359 0.497222 0.127344 0.052778
2 0.800781 0.372222 0.204687 0.261111
2 0.915234 0.373611 0.167969 0.247222
2 0.391016 0.685417 0.257031 0.359722
2 0.322656 0.466667 0.140625 0.063889
2 0.183984 0.538194 0.147656 0.195833
2 0.658203 0.818750 0.244531 0.359722
2 0.926172 0.376389 0.146094 0.422222
2 0.765234 0.413194 0.455469 0.587500
2 0.883594 0.500694 0.128125 0.043056
2 0.690234 0.589583 0.119531 0.218056
2 0.525391 0.610417 0.210156 0.248611
2 0.328516 0.645139 0.225781 0.315278
1 0.832812 0.956944 0.123438 0.083333
