2 0.798438 0.465278 0.209375 0.333333
2 0.891016 0.489583 0.216406 0.451389
2 0.960938 0.504861 0.076563 0.495833
2 0.314063 0.331250 0.026562 0.265278
2 0.205859 0.310417 0.197656 0.370833
0 0.485547 0.107639 0.050781 0.031944
2 0.709766 0.336111 0.178906 0.263889
2 0.924609 0.436806 0.011719 0.195833
2 0.252734 0.495833 0.072656 0.483333
2 0.121875 0.546528 0.235937 0.740278
2 0.924219 0.438194 0.012500 0.218056
2 0.901953 0.452083 0.057031 0.268056
2 0.923828 0.161806 0.150781 0.323611
2 0.989062 0.202778 0.020313 0.111111
