1 0.775391 0.668056 0.082031 0.038889
4 0.778125 0.628472 0.082812 0.059722
4 0.778906 0.595833 0.082812 0.055556
4 0.778906 0.559028 0.084375 0.065278
2 0.214062 0.851389 0.328125 0.294444
2 0.029297 0.926389 0.058594 0.144444
2 0.052344 0.723611 0.104688 0.400000
2 0.535547 0.949306 0.261719 0.098611
1 0.247656 0.731944 0.196875 0.050000
1 0.245312 0.687500 0.189062 0.063889
1 0.246484 0.713889 0.189844 0.077778
2 0.421875 0.781944 0.200000 0.280556
2 0.623047 0.818056 0.200781 0.302778
2 0.421484 0.553472 0.203906 0.281944
2 0.624609 0.575000 0.203906 0.300000
2 0.141406 0.900000 0.282813 0.197222
2 0.435937 0.928472 0.417187 0.140278
1 0.367578 0.743750 0.074219 0.070833
1 0.464844 0.679167 0.120313 0.036111
1 0.651563 0.736111 0.173437 0.083333
1 0.651563 0.703472 0.167187 0.073611
