1 0.835938 0.713889 0.142187 0.041667
4 0.838672 0.679167 0.141406 0.047222
4 0.838672 0.642361 0.141406 0.043056
4 0.838672 0.607639 0.141406 0.045833
2 0.083203 0.611806 0.166406 0.329167
2 0.197656 0.786806 0.293750 0.406944
2 0.379688 0.679167 0.185938 0.238889
2 0.532813 0.697917 0.207813 0.268056
2 0.380469 0.459028 0.185938 0.231944
2 0.001563 0.743750 0.003125 0.306944
2 0.094531 0.795139 0.189062 0.406944
1 0.356250 0.714583 0.031250 0.037500
1 0.349609 0.697222 0.013281 0.005556
1 0.663672 0.705556 0.139844 0.036111
5 0.714063 0.621528 0.056250 0.170833
1 0.615625 0.675694 0.176563 0.045833
1 0.616406 0.639583 0.187500 0.045833
