3 0.052344 0.920139 0.104688 0.156944
1 0.919531 0.993750 0.037500 0.009722
1 0.819141 0.684722 0.124219 0.058333
2 0.008984 0.872222 0.017969 0.252778
2 0.067969 0.879861 0.135937 0.237500
2 0.171484 0.682639 0.191406 0.243056
2 0.001953 0.599306 0.003906 0.018056
2 0.076172 0.526389 0.152344 0.177778
2 0.286719 0.840278 0.201563 0.316667
1 0.308203 0.655556 0.092969 0.055556
1 0.328906 0.609028 0.129688 0.043056
1 0.309766 0.630556 0.089844 0.052778
2 0.426172 0.690972 0.147656 0.206944
2 0.542578 0.727083 0.166406 0.229167
2 0.425391 0.521528 0.152344 0.198611
2 0.544141 0.541667 0.164844 0.216667
2 0.010937 0.848611 0.021875 0.025000
2 0.020313 0.531250 0.040625 0.156944
2 0.074219 0.724306 0.148438 0.287500
2 0.164844 0.790278 0.229687 0.352778
1 0.325000 0.690278 0.057813 0.027778
1 0.316797 0.664583 0.003906 0.004167
1 0.695312 0.683333 0.040625 0.041667
5 0.725000 0.610417 0.025000 0.120833
1 0.617188 0.688889 0.151562 0.066667
1 0.617188 0.666667 0.145313 0.052778
