1 0.865234 0.879861 0.228906 0.187500
1 0.864062 0.915278 0.228125 0.166667
2 0.898438 0.670833 0.201563 0.272222
0 0.869141 0.327083 0.041406 0.023611
0 0.810156 0.381944 0.037500 0.030556
1 0.197266 0.584722 0.030469 0.058333
2 0.131250 0.929861 0.262500 0.137500
2 0.095703 0.782639 0.191406 0.295833
2 0.092188 0.531944 0.184375 0.311111
2 0.155078 0.913194 0.310156 0.170833
0 0.396484 0.273611 0.030469 0.036111
0 0.377344 0.425694 0.053125 0.065278
1 0.089453 0.697917 0.169531 0.076389
3 0.621875 0.411111 0.239063 0.333333
1 0.089063 0.671528 0.168750 0.056944
