2 0.089453 0.127083 0.116406 0.143056
3 0.155469 0.140972 0.196875 0.281944
2 0.673438 0.288194 0.195312 0.237500
2 0.531250 0.272222 0.095312 0.211111
2 0.752344 0.154861 0.146875 0.187500
2 0.858203 0.198611 0.116406 0.247222
2 0.353906 0.214583 0.237500 0.268056
2 0.584375 0.351389 0.245312 0.291667
2 0.797266 0.371528 0.221094 0.309722
2 0.585156 0.124306 0.254688 0.248611
2 0.156641 0.284722 0.169531 0.216667
2 0.625391 0.217361 0.138281 0.176389
2 0.550000 0.212500 0.040625 0.169444
1 0.280859 0.576389 0.417969 0.141667
1 0.275000 0.457639 0.398438 0.145833
1 0.280859 0.506944 0.402344 0.155556
2 0.095312 0.529167 0.190625 0.397222
2 0.814063 0.320139 0.098437 0.245833
2 0.633203 0.309722 0.219531 0.230556
2 0.426953 0.196528 0.210156 0.243056
2 0.260547 0.144444 0.199219 0.144444
1 0.033594 0.731944 0.067187 0.066667
1 0.567187 0.987500 0.007812 0.016667
1 0.522266 0.894444 0.100781 0.175000
1 0.547656 0.952083 0.046875 0.093056
