3 0.099219 0.970139 0.198437 0.056944
2 0.695312 0.807639 0.110937 0.256944
2 0.705469 0.874306 0.145313 0.248611
2 0.732422 0.919444 0.166406 0.158333
2 0.361328 0.647222 0.105469 0.205556
2 0.315625 0.718750 0.131250 0.251389
0 0.533984 0.461806 0.038281 0.029167
2 0.678516 0.660417 0.102344 0.212500
2 0.953906 0.738889 0.090625 0.150000
2 0.929688 0.750000 0.139063 0.133333
2 0.888281 0.697917 0.118750 0.126389
2 0.930078 0.622222 0.138281 0.241667
2 0.893750 0.575694 0.125000 0.204167
2 0.258984 0.865972 0.158594 0.265278
2 0.225391 0.907639 0.132031 0.181944
2 0.781641 0.728472 0.108594 0.204167
2 0.814844 0.807639 0.126562 0.254167
2 0.813672 0.619444 0.139844 0.238889
2 0.850781 0.802778 0.167187 0.286111
2 0.905469 0.867361 0.187500 0.262500
