0 0.995313 0.493750 0.007812 0.009722
4 0.497656 0.663194 0.003125 0.012500
2 0.499609 0.499306 0.999219 0.998611
1 0.263281 0.860417 0.356250 0.081944
1 0.304688 0.769444 0.423438 0.141667
1 0.305078 0.814583 0.422656 0.148611
2 0.524219 0.716667 0.185938 0.208333
2 0.899219 0.728472 0.145313 0.276389
2 0.604688 0.425000 0.345313 0.477778
2 0.905078 0.438889 0.157031 0.377778
1 0.082812 0.866667 0.020313 0.016667
1 0.067578 0.906250 0.038281 0.009722
1 0.574219 0.746528 0.085938 0.073611
3 0.898047 0.524306 0.110156 0.198611
1 0.576562 0.695833 0.081250 0.061111
