3 0.008203 0.591667 0.016406 0.097222
1 0.257422 0.710417 0.514844 0.143056
1 0.953125 0.695833 0.092188 0.169444
2 0.830078 0.629861 0.130469 0.162500
2 0.780078 0.593056 0.172656 0.252778
2 0.706250 0.572917 0.204687 0.315278
2 0.588672 0.546528 0.117969 0.168056
2 0.504297 0.527778 0.146094 0.194444
0 0.757812 0.385417 0.034375 0.026389
2 0.870313 0.597917 0.087500 0.048611
2 0.984375 0.499306 0.029687 0.223611
2 0.410547 0.591667 0.161719 0.191667
2 0.318359 0.556944 0.163281 0.175000
2 0.971484 0.595833 0.052344 0.019444
2 0.945312 0.629167 0.104688 0.086111
2 0.968750 0.332639 0.060937 0.031944
2 0.922656 0.463889 0.153125 0.283333
2 0.868750 0.422917 0.217188 0.348611
