1 0.929688 0.627778 0.139063 0.152778
2 0.952344 0.425694 0.093750 0.254167
0 0.979297 0.108333 0.039844 0.019444
0 0.918359 0.171528 0.038281 0.026389
1 0.318750 0.354861 0.021875 0.045833
2 0.049609 0.901389 0.099219 0.194444
2 0.358594 0.867361 0.434375 0.262500
2 0.059375 0.597917 0.118750 0.420833
2 0.145703 0.621528 0.000781 0.020833
2 0.061719 0.483333 0.123438 0.277778
2 0.237891 0.409028 0.185156 0.162500
2 0.057031 0.256250 0.114062 0.273611
2 0.055078 0.735417 0.110156 0.526389
2 0.315234 0.631944 0.347656 0.394444
1 0.122266 0.411806 0.052344 0.040278
5 0.126172 0.277083 0.047656 0.070833
0 0.514062 0.220833 0.023438 0.027778
0 0.508594 0.057639 0.029687 0.034722
1 0.233984 0.418056 0.150781 0.069444
3 0.727734 0.197917 0.238281 0.323611
1 0.233203 0.390972 0.152344 0.051389
