4 0.961719 0.359028 0.012500 0.040278
2 0.097266 0.888889 0.194531 0.219444
2 0.362109 0.938889 0.424219 0.119444
2 0.559375 0.732639 0.320312 0.506944
2 0.269531 0.777083 0.273438 0.443056
2 0.110156 0.736806 0.220312 0.370833
2 0.108203 0.434028 0.216406 0.373611
2 0.853516 0.809028 0.291406 0.254167
1 0.510938 0.528472 0.192188 0.051389
2 0.697656 0.588889 0.203125 0.288889
2 0.903125 0.621528 0.192188 0.343056
2 0.703516 0.347222 0.210156 0.294444
2 0.037891 0.778472 0.075781 0.309722
2 0.166797 0.820139 0.333594 0.356944
2 0.030078 0.470833 0.060156 0.344444
2 0.461719 0.859722 0.379688 0.277778
2 0.820703 0.907639 0.357031 0.181944
1 0.628516 0.525000 0.042969 0.025000
1 0.398438 0.554167 0.003125 0.030556
5 0.839453 0.371528 0.025781 0.193056
1 0.918359 0.547222 0.161719 0.086111
1 0.920703 0.521528 0.157031 0.065278
