1 0.716406 0.759722 0.092188 0.013889
4 0.702734 0.713194 0.057031 0.026389
4 0.704297 0.698611 0.060156 0.002778
4 0.730078 0.649306 0.007031 0.020833
2 0.786328 0.888889 0.425781 0.219444
2 0.245703 0.760417 0.491406 0.476389
2 0.893359 0.752778 0.199219 0.425000
2 0.643359 0.848611 0.311719 0.300000
2 0.628906 0.514583 0.335938 0.431944
1 0.558984 0.780556 0.088281 0.047222
1 0.574609 0.710417 0.044531 0.018056
1 0.542188 0.739583 0.109375 0.043056
2 0.692969 0.776389 0.192188 0.269444
2 0.787891 0.701389 0.002344 0.122222
2 0.719922 0.863194 0.433594 0.270833
2 0.948047 0.768056 0.102344 0.461111
1 0.531250 0.837500 0.032813 0.063889
5 0.605078 0.700694 0.025781 0.134722
0 0.955469 0.463194 0.032813 0.031944
1 0.759766 0.742361 0.055469 0.043056
1 0.735938 0.699306 0.003125 0.004167
