2 0.756250 0.911111 0.217188 0.175000
1 0.313281 0.663194 0.114062 0.054167
4 0.312891 0.634722 0.110156 0.055556
4 0.312500 0.605556 0.110937 0.052778
4 0.311719 0.572917 0.110937 0.062500
2 0.053125 0.813194 0.106250 0.256944
2 0.050000 0.610417 0.100000 0.256944
1 0.214844 0.696528 0.084375 0.056944
5 0.201172 0.505556 0.061719 0.030556
0 0.534375 0.399306 0.032813 0.037500
0 0.514062 0.548611 0.037500 0.066667
1 0.092578 0.740278 0.164844 0.069444
3 0.766797 0.593056 0.285156 0.383333
1 0.091797 0.712500 0.161719 0.066667
