3 0.099219 0.345833 0.153125 0.436111
1 0.091016 0.603472 0.182031 0.112500
1 0.084375 0.656944 0.168750 0.083333
1 0.133594 0.811806 0.084375 0.198611
2 0.032813 0.832639 0.065625 0.331944
2 0.862891 0.403472 0.155469 0.193056
2 0.741016 0.422917 0.163281 0.206944
2 0.615625 0.447222 0.168750 0.230556
2 0.777734 0.278472 0.116406 0.143056
2 0.662109 0.288889 0.122656 0.152778
0 0.926953 0.143750 0.038281 0.023611
2 0.948438 0.321528 0.101562 0.173611
2 0.905469 0.394444 0.187500 0.250000
2 0.971094 0.447222 0.056250 0.202778
2 0.975391 0.256250 0.047656 0.198611
2 0.771484 0.514583 0.208594 0.284722
2 0.564063 0.359722 0.125000 0.163889
2 0.458594 0.372917 0.128125 0.173611
2 0.985156 0.416667 0.028125 0.122222
2 0.930469 0.433333 0.137500 0.200000
2 0.993750 0.161806 0.010937 0.020833
2 0.819531 0.450000 0.181250 0.227778
2 0.687500 0.479167 0.187500 0.255556
