1 0.614062 0.912500 0.560937 0.172222
1 0.911719 0.738889 0.175000 0.044444
4 0.914453 0.698611 0.169531 0.047222
4 0.914062 0.656944 0.170313 0.041667
4 0.913672 0.616667 0.169531 0.044444
2 0.009766 0.543056 0.019531 0.283333
2 0.040234 0.667361 0.080469 0.345833
1 0.261719 0.652778 0.132812 0.030556
2 0.339453 0.659028 0.161719 0.234722
2 0.443750 0.661806 0.198437 0.273611
2 0.343750 0.440278 0.165625 0.244444
2 0.439844 0.407639 0.204687 0.281944
1 0.329297 0.700000 0.030469 0.030556
1 0.326953 0.719444 0.035156 0.013889
1 0.294531 0.719444 0.031250 0.013889
1 0.629297 0.714583 0.141406 0.034722
5 0.782031 0.645833 0.095312 0.191667
1 0.603906 0.659028 0.121875 0.037500
1 0.603125 0.620833 0.120313 0.036111
