1 0.760938 0.411806 0.053125 0.026389
2 0.016406 0.949306 0.032813 0.098611
2 0.891016 0.718056 0.216406 0.561111
2 0.536719 0.822917 0.453125 0.351389
2 0.148828 0.830556 0.297656 0.336111
2 0.144531 0.504167 0.289062 0.666667
1 0.478125 0.578472 0.221875 0.056944
2 0.729688 0.549306 0.253125 0.348611
2 0.917578 0.528472 0.163281 0.323611
2 0.738672 0.264583 0.263281 0.337500
2 0.085938 0.936806 0.171875 0.123611
2 0.574609 0.921528 0.557031 0.154167
2 0.944922 0.918750 0.108594 0.159722
1 0.497656 0.615972 0.107813 0.029167
1 0.344141 0.618750 0.083594 0.043056
1 0.654297 0.438889 0.071094 0.011111
5 0.651563 0.275000 0.073438 0.122222
1 0.892969 0.462500 0.212500 0.077778
1 0.891406 0.430556 0.215625 0.063889
