1 0.995313 0.825694 0.007812 0.051389
2 0.019922 0.570139 0.039844 0.226389
1 0.309766 0.606250 0.105469 0.054167
1 0.308984 0.547222 0.092969 0.019444
1 0.313281 0.570139 0.101562 0.062500
2 0.305469 0.672917 0.135937 0.270833
2 0.291406 0.767361 0.184375 0.406944
2 0.298828 0.422222 0.149219 0.272222
1 0.414453 0.652778 0.049219 0.066667
1 0.409375 0.686111 0.046875 0.072222
1 0.411719 0.634722 0.053125 0.030556
1 0.411719 0.586806 0.053125 0.051389
1 0.411719 0.616667 0.053125 0.052778
1 0.774219 0.733333 0.168750 0.102778
5 0.969141 0.674306 0.060156 0.220833
1 0.517969 0.747917 0.170313 0.131944
1 0.517969 0.700000 0.170313 0.125000
