2 0.499609 0.548611 0.999219 0.900000
2 0.889453 0.588889 0.219531 0.819444
2 0.182031 0.352778 0.364063 0.705556
2 0.586719 0.580556 0.515625 0.616667
2 0.057031 0.513194 0.114062 0.365278
2 0.278516 0.505556 0.274219 0.352778
2 0.056250 0.170139 0.112500 0.340278
2 0.275781 0.170833 0.276562 0.341667
2 0.286328 0.613194 0.572656 0.770833
2 0.737109 0.615278 0.524219 0.766667
5 0.030469 0.427778 0.060937 0.172222
0 0.481641 0.166667 0.027344 0.011111
0 0.443750 0.452778 0.042188 0.027778
1 0.131641 0.477083 0.024219 0.045833
3 0.724609 0.345833 0.246094 0.347222
1 0.129688 0.433333 0.026562 0.050000
