1 0.771094 0.956250 0.176563 0.084722
2 0.981641 0.815278 0.035156 0.344444
1 0.557813 0.504167 0.114062 0.044444
4 0.559766 0.475694 0.113281 0.051389
4 0.560156 0.445833 0.114062 0.050000
4 0.560156 0.412500 0.114062 0.061111
2 0.006250 0.686806 0.012500 0.123611
2 0.087109 0.812500 0.174219 0.372222
1 0.064062 0.540278 0.128125 0.061111
1 0.062891 0.489583 0.125781 0.045833
1 0.063281 0.511806 0.126562 0.059722
2 0.169531 0.573611 0.171875 0.216667
2 0.303906 0.604861 0.176563 0.234722
2 0.163281 0.386111 0.175000 0.225000
2 0.299609 0.407639 0.180469 0.240278
2 0.027344 0.765278 0.054688 0.319444
1 0.171484 0.509722 0.089844 0.072222
1 0.137109 0.546528 0.063281 0.043056
1 0.127344 0.571528 0.081250 0.048611
1 0.048047 0.556250 0.075781 0.029167
1 0.132812 0.477778 0.015625 0.016667
1 0.292187 0.506250 0.007812 0.004167
5 0.461328 0.428472 0.027344 0.123611
0 0.798047 0.242361 0.024219 0.037500
0 0.796094 0.322222 0.029687 0.050000
0 0.756250 0.320833 0.039062 0.044444
0 0.753516 0.475000 0.038281 0.044444
1 0.373437 0.550000 0.146875 0.055556
3 0.944531 0.487500 0.109375 0.275000
1 0.373828 0.521528 0.155469 0.062500
