3 0.040234 0.481250 0.080469 0.418056
1 0.029687 0.746528 0.059375 0.087500
1 0.075000 0.862500 0.150000 0.158333
1 0.071875 0.908333 0.143750 0.158333
2 0.712891 0.505556 0.124219 0.150000
2 0.604297 0.542361 0.144531 0.195833
2 0.481250 0.565278 0.151562 0.213889
2 0.668750 0.396528 0.107813 0.134722
2 0.556250 0.408333 0.112500 0.141667
0 0.798828 0.275000 0.033594 0.022222
2 0.830078 0.411111 0.133594 0.108333
2 0.711328 0.522222 0.128906 0.227778
2 0.832422 0.665972 0.050781 0.034722
2 0.865234 0.348611 0.163281 0.094444
2 0.599609 0.633333 0.180469 0.258333
2 0.462500 0.472917 0.115625 0.151389
2 0.360156 0.488889 0.120313 0.163889
2 0.879297 0.820139 0.239844 0.348611
2 0.971484 0.372917 0.055469 0.029167
2 0.884375 0.529167 0.229687 0.336111
2 0.763281 0.554167 0.023438 0.180556
2 0.664453 0.570139 0.152344 0.215278
2 0.536328 0.597917 0.164844 0.234722
1 0.957422 0.904167 0.083594 0.108333
1 0.961719 0.845139 0.075000 0.079167
