1 0.798828 0.762500 0.207031 0.136111
1 0.045312 0.579861 0.090625 0.048611
1 0.043359 0.554861 0.086719 0.026389
1 0.043750 0.574306 0.087500 0.059722
2 0.061719 0.571528 0.123438 0.065278
2 0.087891 0.781944 0.175781 0.433333
2 0.061328 0.422917 0.122656 0.293056
1 0.150000 0.604167 0.096875 0.072222
1 0.183594 0.643750 0.050000 0.062500
1 0.189453 0.680556 0.038281 0.052778
1 0.141016 0.570139 0.110156 0.043056
1 0.090234 0.588194 0.002344 0.006944
1 0.586328 0.761806 0.203906 0.123611
5 0.704297 0.600694 0.041406 0.195833
1 0.287500 0.738194 0.201563 0.137500
1 0.285938 0.692361 0.189062 0.123611
