2 0.523828 0.590972 0.138281 0.118056
2 0.412500 0.694444 0.162500 0.255556
2 0.283984 0.757639 0.185156 0.293056
2 0.426953 0.467361 0.116406 0.159722
2 0.312891 0.502083 0.132031 0.179167
0 0.567578 0.329167 0.035156 0.044444
2 0.621875 0.528472 0.128125 0.184722
2 0.590234 0.686111 0.183594 0.291667
2 0.695703 0.713889 0.155469 0.238889
2 0.771484 0.658333 0.141406 0.211111
2 0.698828 0.521528 0.158594 0.240278
2 0.775391 0.486111 0.142969 0.213889
2 0.465234 0.839583 0.211719 0.318056
2 0.210938 0.596528 0.143750 0.201389
2 0.092578 0.638194 0.155469 0.223611
1 0.981250 0.836806 0.035937 0.048611
1 0.982031 0.775694 0.034375 0.034722
1 0.981250 0.802083 0.035937 0.054167
2 0.937109 0.869444 0.124219 0.258333
2 0.878906 0.953472 0.240625 0.090278
2 0.880078 0.782639 0.238281 0.431944
2 0.693750 0.614583 0.120313 0.201389
2 0.607812 0.633333 0.146875 0.155556
2 0.494922 0.647222 0.174219 0.266667
2 0.365234 0.712500 0.199219 0.308333
