2 0.099219 0.562500 0.198437 0.305556
2 0.165625 0.497917 0.159375 0.251389
2 0.159375 0.295833 0.164062 0.230556
1 0.260547 0.456250 0.122656 0.065278
1 0.261328 0.484028 0.114844 0.062500
1 0.264453 0.509722 0.116406 0.069444
2 0.470313 0.334028 0.121875 0.170833
3 0.621875 0.341667 0.106250 0.391667
1 0.541406 0.515278 0.168750 0.075000
1 0.541797 0.547917 0.175781 0.062500
1 0.541406 0.584722 0.167187 0.055556
1 0.567578 0.719444 0.153906 0.150000
2 0.215625 0.774306 0.318750 0.448611
2 0.962109 0.404167 0.074219 0.175000
