2 0.480469 0.277083 0.060937 0.184722
2 0.196094 0.329167 0.059375 0.222222
2 0.082812 0.355556 0.165625 0.277778
2 0.444922 0.138889 0.127344 0.150000
2 0.289844 0.113194 0.134375 0.081944
0 0.581250 0.002778 0.035937 0.005556
2 0.585156 0.197222 0.162500 0.211111
2 0.339844 0.302083 0.225000 0.309722
2 0.547266 0.370833 0.203906 0.263889
2 0.698828 0.340972 0.196094 0.265278
2 0.548438 0.143750 0.212500 0.270833
2 0.123828 0.453472 0.244531 0.356944
2 0.162891 0.227083 0.133594 0.162500
2 0.048438 0.219444 0.096875 0.127778
1 0.846875 0.565972 0.301563 0.134722
1 0.851562 0.465972 0.290625 0.104167
1 0.849219 0.512500 0.289062 0.125000
2 0.618750 0.600694 0.340625 0.440278
2 0.289062 0.718750 0.370312 0.559722
2 0.647266 0.295139 0.177344 0.218056
2 0.489453 0.348611 0.171094 0.208333
2 0.290625 0.259722 0.200000 0.261111
2 0.097266 0.293750 0.194531 0.301389
1 0.921875 0.760417 0.154688 0.237500
1 0.924609 0.841667 0.149219 0.194444
1 0.421094 0.932639 0.485938 0.131944
1 0.421875 0.900000 0.467187 0.197222
