2 0.520312 0.212500 0.123438 0.188889
2 0.645312 0.209722 0.129688 0.183333
2 0.648047 0.075000 0.132031 0.150000
1 0.807813 0.201389 0.137500 0.061111
1 0.806250 0.228472 0.135937 0.056944
1 0.804297 0.253472 0.128906 0.051389
1 0.806641 0.277778 0.128906 0.055556
2 0.984375 0.186111 0.029687 0.180556
3 0.946094 0.425000 0.106250 0.161111
1 0.715625 0.334722 0.118750 0.108333
1 0.714063 0.365278 0.109375 0.105556
1 0.713281 0.395139 0.117188 0.115278
1 0.711328 0.436806 0.108594 0.087500
1 0.464453 0.361806 0.157031 0.093056
1 0.464062 0.400000 0.156250 0.086111
1 0.464844 0.432639 0.154688 0.081944
1 0.466016 0.460417 0.161719 0.095833
2 0.267578 0.309028 0.108594 0.248611
0 0.006641 0.032639 0.013281 0.026389
2 0.973828 0.691667 0.050781 0.161111
2 0.798438 0.876389 0.339062 0.244444
2 0.700000 0.819444 0.257812 0.358333
2 0.074609 0.852083 0.149219 0.293056
2 0.055078 0.677778 0.110156 0.608333
2 0.937109 0.868056 0.124219 0.261111
2 0.878125 0.743056 0.242188 0.511111
