2 0.771094 0.473611 0.454688 0.500000
2 0.954297 0.488889 0.089844 0.433333
2 0.283984 0.326389 0.474219 0.333333
2 0.794922 0.388194 0.238281 0.293056
2 0.558594 0.516667 0.267188 0.366667
2 0.269922 0.564583 0.275781 0.276389
2 0.605859 0.304861 0.167969 0.170833
2 0.945703 0.619444 0.107031 0.147222
1 0.470703 0.575000 0.052344 0.011111
1 0.491016 0.499306 0.000781 0.001389
1 0.473438 0.520139 0.035937 0.020833
2 0.565234 0.581250 0.144531 0.198611
2 0.776563 0.606250 0.112500 0.148611
2 0.592187 0.349306 0.156250 0.234722
2 0.240625 0.571528 0.368750 0.287500
2 0.637109 0.477778 0.355469 0.461111
2 0.841797 0.393056 0.144531 0.286111
1 0.258984 0.677083 0.122656 0.009722
5 0.461328 0.604167 0.036719 0.013889
1 0.690234 0.582639 0.122656 0.026389
1 0.686328 0.548611 0.116406 0.025000
