1 0.629687 0.541667 0.076563 0.033333
2 0.626172 0.498611 0.083594 0.147222
2 0.183203 0.388889 0.366406 0.550000
2 0.480469 0.411111 0.371875 0.450000
2 0.465625 0.068750 0.264062 0.137500
2 0.064844 0.284722 0.120313 0.338889
2 0.235937 0.429167 0.281250 0.341667
2 0.833594 0.485417 0.331250 0.834722
2 0.105469 0.506250 0.035937 0.062500
2 0.069531 0.196528 0.129688 0.151389
2 0.110937 0.407639 0.214062 0.434722
2 0.336719 0.413194 0.312500 0.412500
0 0.149219 0.506944 0.015625 0.022222
3 0.394922 0.413889 0.136719 0.241667
