2 0.058203 0.282639 0.113281 0.165278
2 0.175000 0.302083 0.170313 0.190278
2 0.056250 0.098611 0.112500 0.197222
2 0.171094 0.106944 0.173437 0.213889
1 0.340234 0.345833 0.122656 0.022222
2 0.600391 0.229167 0.152344 0.169444
3 0.687500 0.201389 0.276562 0.402778
1 0.368359 0.341667 0.174219 0.038889
1 0.369141 0.379861 0.183594 0.045833
1 0.066406 0.394444 0.125000 0.055556
2 0.950781 0.250000 0.096875 0.300000
2 0.804688 0.296528 0.389062 0.576389
2 0.499609 0.499306 0.999219 0.998611
2 0.141016 0.404167 0.282031 0.808333
2 0.887500 0.277778 0.223438 0.355556
