1 0.712891 0.588889 0.217969 0.158333
4 0.714063 0.541667 0.196875 0.094444
4 0.783594 0.452083 0.062500 0.090278
4 0.785937 0.351389 0.060937 0.127778
1 0.228906 0.293056 0.076563 0.038889
1 0.250781 0.226389 0.039062 0.036111
1 0.251563 0.259722 0.039062 0.038889
2 0.095312 0.373611 0.190625 0.150000
2 0.037109 0.400694 0.074219 0.162500
1 0.316797 0.304167 0.050781 0.013889
1 0.448047 0.498611 0.203906 0.111111
5 0.787891 0.286806 0.061719 0.065278
0 0.666797 0.298611 0.214844 0.302778
1 0.116016 0.366667 0.232031 0.080556
1 0.115234 0.318056 0.230469 0.072222
