0 0.937891 0.481944 0.041406 0.019444
0 0.845313 0.542361 0.039062 0.020833
1 0.235937 0.964583 0.062500 0.068056
4 0.241016 0.918750 0.053906 0.073611
4 0.240234 0.869444 0.053906 0.072222
4 0.273828 0.800694 0.122656 0.118056
2 0.884375 0.945833 0.229687 0.105556
2 0.769922 0.821528 0.377344 0.354167
1 0.476953 0.993056 0.021094 0.011111
5 0.116406 0.906250 0.114062 0.184722
0 0.524219 0.465278 0.035937 0.044444
0 0.506641 0.654861 0.069531 0.084722
3 0.724609 0.536111 0.139844 0.233333
1 0.776563 0.977083 0.042188 0.043056
