2 0.414062 0.430556 0.153125 0.222222
2 0.225781 0.429167 0.156250 0.208333
2 0.066406 0.449306 0.132812 0.231944
2 0.503906 0.285417 0.073438 0.154167
2 0.365234 0.293056 0.116406 0.163889
0 0.637891 0.120139 0.030469 0.040278
2 0.592969 0.330556 0.157812 0.186111
2 0.214062 0.413889 0.203125 0.283333
2 0.453516 0.506944 0.191406 0.283333
2 0.641797 0.490972 0.199219 0.254167
2 0.644531 0.268750 0.203125 0.256944
2 0.057031 0.527778 0.114062 0.291667
2 0.241797 0.313194 0.116406 0.059722
2 0.109375 0.356944 0.129688 0.152778
1 0.558203 0.729861 0.294531 0.137500
1 0.558203 0.605556 0.311719 0.138889
1 0.557422 0.665972 0.310156 0.145833
2 0.217578 0.754861 0.328906 0.487500
2 0.021484 0.765972 0.042969 0.465278
2 0.014063 0.358333 0.028125 0.400000
2 0.622656 0.361111 0.165625 0.044444
2 0.432422 0.438889 0.171094 0.197222
2 0.630469 0.240278 0.181250 0.202778
2 0.220312 0.330556 0.176563 0.147222
2 0.059766 0.388194 0.119531 0.254167
1 0.619922 0.952778 0.146094 0.091667
1 0.733203 0.958333 0.046094 0.080556
1 0.855859 0.896528 0.286719 0.204167
1 0.755078 0.927083 0.086719 0.143056
