2 0.548828 0.744444 0.142969 0.144444
2 0.316016 0.881250 0.164844 0.234722
2 0.371484 0.631944 0.121094 0.172222
2 0.263281 0.668750 0.143750 0.201389
0 0.533594 0.479167 0.039062 0.025000
2 0.618359 0.669444 0.128906 0.200000
2 0.702344 0.818056 0.184375 0.319444
2 0.767578 0.838889 0.152344 0.277778
2 0.811719 0.784722 0.132812 0.238889
2 0.612500 0.906250 0.214062 0.184722
2 0.157031 0.782639 0.165625 0.237500
2 0.062891 0.838194 0.125781 0.276389
2 0.712109 0.754861 0.130469 0.212500
2 0.653516 0.818750 0.144531 0.259722
2 0.571484 0.790972 0.177344 0.295833
2 0.467578 0.842361 0.217969 0.312500
