2 0.016406 0.734722 0.032813 0.150000
2 0.099609 0.752083 0.157031 0.206944
1 0.317969 0.790278 0.050000 0.044444
2 0.511328 0.665972 0.139844 0.184722
3 0.581641 0.684722 0.252344 0.447222
1 0.235937 0.790972 0.146875 0.081944
1 0.235937 0.834722 0.146875 0.075000
1 0.235937 0.869444 0.146875 0.077778
1 0.235937 0.905556 0.146875 0.083333
1 0.026172 0.835417 0.052344 0.076389
1 0.029687 0.879861 0.059375 0.081944
1 0.029687 0.922917 0.059375 0.079167
1 0.026562 0.967361 0.053125 0.062500
2 0.674219 0.871528 0.078125 0.156944
2 0.742969 0.877083 0.512500 0.243056
2 0.448828 0.932639 0.382031 0.131944
2 0.985547 0.752083 0.027344 0.054167
2 0.855859 0.857639 0.286719 0.281944
2 0.632031 0.836111 0.351562 0.325000
