2 0.383594 0.779861 0.139063 0.270833
2 0.314453 0.853472 0.178906 0.290278
2 0.225781 0.895139 0.226562 0.206944
2 0.131250 0.609028 0.137500 0.201389
2 0.055078 0.671528 0.110156 0.245833
0 0.316797 0.427778 0.042969 0.027778
2 0.429297 0.630556 0.121094 0.216667
2 0.607422 0.797222 0.153906 0.338889
2 0.626172 0.784722 0.125781 0.244444
2 0.639844 0.721528 0.106250 0.212500
2 0.623437 0.590972 0.118750 0.251389
2 0.571875 0.907639 0.179688 0.181944
2 0.007031 0.793750 0.014063 0.218056
1 0.971094 0.816667 0.048438 0.108333
2 0.994922 0.875000 0.008594 0.247222
2 0.530859 0.709722 0.102344 0.222222
2 0.501563 0.779167 0.125000 0.258333
2 0.454688 0.856944 0.153125 0.283333
2 0.398047 0.901389 0.203906 0.194444
