1 0.832812 0.759028 0.198437 0.084722
4 0.837500 0.713194 0.196875 0.090278
4 0.838281 0.663194 0.196875 0.084722
4 0.839453 0.606944 0.197656 0.102778
1 0.054688 0.726389 0.100000 0.080556
1 0.049609 0.650694 0.094531 0.054167
1 0.051562 0.682639 0.096875 0.084722
2 0.113281 0.806250 0.226562 0.384722
2 0.312109 0.838194 0.324219 0.320833
2 0.130078 0.495833 0.260156 0.369444
2 0.305078 0.543750 0.335156 0.448611
1 0.142969 0.741667 0.162500 0.111111
1 0.112891 0.797917 0.089844 0.070833
1 0.037109 0.772222 0.047656 0.041667
1 0.129688 0.670139 0.123438 0.073611
1 0.107031 0.706944 0.100000 0.088889
1 0.645312 0.755556 0.070312 0.080556
5 0.661719 0.617361 0.082812 0.187500
1 0.545312 0.823611 0.143750 0.119444
1 0.542188 0.770833 0.137500 0.102778
