3 0.021484 0.600694 0.042969 0.334722
1 0.080078 0.863194 0.160156 0.123611
1 0.083203 0.806944 0.166406 0.152778
1 0.079687 0.905556 0.159375 0.125000
1 0.080469 0.940972 0.160938 0.115278
1 0.081250 0.961111 0.160938 0.075000
1 0.104688 0.979167 0.117188 0.038889
2 0.639453 0.577083 0.117969 0.181944
2 0.555859 0.617361 0.132031 0.201389
2 0.463281 0.665972 0.148438 0.231944
2 0.526563 0.440972 0.100000 0.140278
2 0.437500 0.468056 0.110937 0.152778
0 0.654297 0.318056 0.032031 0.038889
2 0.710938 0.486111 0.106250 0.163889
2 0.720313 0.602083 0.146875 0.229167
2 0.794531 0.625000 0.126562 0.211111
2 0.849219 0.586806 0.117188 0.190278
2 0.635156 0.731944 0.162500 0.269444
2 0.357422 0.547917 0.121094 0.170833
2 0.271875 0.579861 0.118750 0.187500
2 0.985547 0.784722 0.027344 0.208333
2 0.943359 0.879861 0.111719 0.237500
2 0.988672 0.581250 0.021094 0.201389
2 0.952344 0.633333 0.093750 0.291667
2 0.782813 0.563194 0.110937 0.159722
2 0.713281 0.571528 0.125000 0.137500
2 0.784766 0.427778 0.113281 0.163889
2 0.635156 0.643750 0.135937 0.218056
2 0.543750 0.698611 0.156250 0.250000
