1 0.425000 0.911806 0.501563 0.173611
1 0.673828 0.721528 0.267969 0.104167
1 0.672266 0.788889 0.264844 0.116667
2 0.983984 0.640972 0.030469 0.362500
1 0.595703 0.652083 0.132031 0.034722
2 0.028516 0.622917 0.057031 0.301389
1 0.060156 0.593056 0.120313 0.030556
1 0.062500 0.532639 0.125000 0.029167
1 0.062500 0.563889 0.125000 0.030556
2 0.151562 0.601389 0.171875 0.208333
2 0.278125 0.606250 0.185938 0.229167
2 0.153125 0.402778 0.171875 0.213889
1 0.136719 0.634028 0.096875 0.034722
1 0.136719 0.654167 0.096875 0.013889
1 0.042188 0.661806 0.050000 0.029167
1 0.105469 0.607639 0.100000 0.029167
1 0.080859 0.633333 0.127344 0.030556
1 0.372656 0.627778 0.004687 0.005556
5 0.485547 0.597222 0.057031 0.122222
0 0.843750 0.334722 0.034375 0.038889
0 0.821875 0.509028 0.064062 0.062500
1 0.408984 0.598611 0.077344 0.033333
3 0.954688 0.686111 0.001563 0.002778
1 0.408203 0.568056 0.075781 0.030556
