1 0.841016 0.598611 0.164844 0.077778
2 0.010937 0.844444 0.021875 0.194444
1 0.175391 0.531250 0.130469 0.059722
1 0.182031 0.466667 0.146875 0.052778
1 0.182812 0.498611 0.146875 0.055556
2 0.269922 0.575000 0.180469 0.269444
2 0.378906 0.622917 0.217188 0.326389
2 0.264844 0.353472 0.187500 0.245833
1 0.306641 0.578472 0.135156 0.062500
1 0.266406 0.561806 0.131250 0.065278
1 0.299219 0.508333 0.065625 0.038889
1 0.277344 0.529167 0.109375 0.052778
1 0.612891 0.556250 0.013281 0.029167
5 0.713281 0.498611 0.071875 0.155556
1 0.513672 0.583333 0.185156 0.080556
1 0.513672 0.550000 0.197656 0.075000
