2 0.536328 0.471528 0.128906 0.059722
2 0.353516 0.456944 0.163281 0.213889
2 0.171484 0.462500 0.185156 0.225000
2 0.466406 0.382639 0.010937 0.162500
0 0.821094 0.160417 0.004687 0.009722
2 0.758984 0.363194 0.175781 0.223611
2 0.312891 0.345139 0.219531 0.293056
2 0.576953 0.519444 0.208594 0.155556
2 0.788672 0.466667 0.210156 0.261111
2 0.105078 0.470139 0.210156 0.290278
2 0.444141 0.456250 0.017969 0.162500
2 0.232031 0.447917 0.070312 0.143056
1 0.646875 0.488194 0.360938 0.079167
2 0.213281 0.493750 0.404687 0.531944
2 0.019922 0.481250 0.039844 0.456944
2 0.211328 0.141667 0.403906 0.283333
2 0.887109 0.345139 0.011719 0.001389
2 0.560937 0.486806 0.079687 0.031944
2 0.565234 0.122917 0.185156 0.062500
2 0.339844 0.465972 0.189062 0.254167
2 0.137109 0.470139 0.202344 0.245833
1 0.665625 0.808333 0.389062 0.250000
1 0.914844 0.822917 0.168750 0.254167
