1 0.909375 0.903472 0.179688 0.190278
1 0.914062 0.863889 0.170313 0.269444
1 0.882031 0.944444 0.153125 0.108333
1 0.822656 0.990278 0.014063 0.016667
2 0.950000 0.659722 0.098437 0.194444
0 0.986719 0.251389 0.025000 0.027778
0 0.917969 0.333333 0.051562 0.038889
1 0.058203 0.584722 0.116406 0.083333
4 0.056641 0.544444 0.113281 0.086111
4 0.055859 0.501389 0.111719 0.080556
4 0.055469 0.460417 0.110937 0.076389
0 0.362500 0.179861 0.028125 0.045833
0 0.337500 0.379861 0.045312 0.081944
3 0.668359 0.369444 0.308594 0.436111
