2 0.597266 0.600000 0.147656 0.177778
2 0.459375 0.652778 0.159375 0.227778
2 0.312891 0.682639 0.169531 0.254167
2 0.566016 0.456250 0.113281 0.151389
2 0.438672 0.474306 0.121094 0.162500
0 0.699609 0.329861 0.035156 0.026389
2 0.720313 0.602083 0.112500 0.020833
2 0.581641 0.647222 0.192969 0.277778
2 0.733984 0.687500 0.178906 0.200000
2 0.850000 0.650694 0.170313 0.181944
2 0.738281 0.502778 0.182812 0.241667
2 0.856250 0.481250 0.170313 0.223611
2 0.417578 0.786111 0.205469 0.319444
2 0.332031 0.549306 0.125000 0.176389
2 0.213281 0.570833 0.132812 0.188889
1 0.969531 0.879861 0.059375 0.079167
2 0.884766 0.881944 0.228906 0.175000
2 0.700000 0.935417 0.303125 0.126389
2 0.885156 0.675000 0.228125 0.391667
2 0.703906 0.741667 0.314063 0.455556
2 0.789453 0.622917 0.155469 0.206944
2 0.659375 0.658333 0.156250 0.205556
2 0.663672 0.475000 0.167969 0.213889
2 0.518750 0.692361 0.173437 0.256944
2 0.360938 0.731250 0.185938 0.284722
