1 0.755859 0.920833 0.189844 0.155556
4 0.780078 0.878472 0.221094 0.176389
4 0.780859 0.820139 0.221094 0.168056
4 0.783203 0.756944 0.224219 0.177778
1 0.033984 0.659722 0.039844 0.086111
1 0.027734 0.582639 0.055469 0.093056
1 0.028516 0.617361 0.057031 0.095833
2 0.027734 0.754861 0.055469 0.348611
2 0.022266 0.836806 0.044531 0.323611
2 0.016797 0.589583 0.033594 0.404167
1 0.092969 0.711806 0.018750 0.081944
1 0.089844 0.738889 0.020313 0.075000
1 0.092578 0.641667 0.013281 0.033333
1 0.093359 0.664583 0.013281 0.015278
1 0.464062 0.777083 0.151562 0.120833
5 0.674219 0.700000 0.100000 0.222222
1 0.183594 0.910417 0.165625 0.106944
1 0.181250 0.828472 0.165625 0.168056
