3 0.274609 0.769444 0.549219 0.458333
2 0.468359 0.169444 0.149219 0.291667
2 0.532813 0.275694 0.176563 0.351389
2 0.607422 0.413194 0.232031 0.434722
2 0.058984 0.080556 0.117969 0.161111
2 0.059375 0.145833 0.118750 0.291667
2 0.417578 0.063194 0.127344 0.126389
2 0.794922 0.145139 0.203906 0.290278
2 0.694922 0.129861 0.155469 0.259722
2 0.638281 0.081250 0.109375 0.162500
2 0.889453 0.343750 0.219531 0.393056
2 0.050781 0.347917 0.101562 0.370833
2 0.057813 0.515972 0.115625 0.468056
1 0.950781 0.087500 0.096875 0.083333
2 0.525781 0.096528 0.125000 0.193056
2 0.588281 0.150000 0.150000 0.280556
2 0.504687 0.003472 0.018750 0.006944
2 0.665625 0.248611 0.185938 0.336111
2 0.765625 0.377083 0.246875 0.412500
1 0.980469 0.113194 0.037500 0.031944
