2 0.133984 0.598611 0.144531 0.183333
3 0.300781 0.583333 0.118750 0.397222
1 0.190234 0.752778 0.216406 0.055556
1 0.189844 0.793056 0.207813 0.055556
1 0.187109 0.806944 0.185156 0.097222
1 0.185156 0.861111 0.200000 0.116667
2 0.942578 0.696528 0.105469 0.212500
2 0.803906 0.697222 0.179688 0.230556
2 0.905859 0.589583 0.083594 0.145833
2 0.910547 0.725694 0.177344 0.298611
2 0.812891 0.668750 0.133594 0.154167
2 0.689844 0.669444 0.135937 0.166667
2 0.972266 0.589583 0.053906 0.231944
2 0.870313 0.599306 0.221875 0.259722
