2 0.208594 0.523611 0.046875 0.172222
2 0.390625 0.522917 0.107813 0.162500
2 0.252734 0.359722 0.133594 0.175000
1 0.512891 0.537500 0.078906 0.025000
1 0.512109 0.560417 0.083594 0.026389
1 0.535547 0.586111 0.122656 0.025000
3 0.931250 0.605556 0.023438 0.025000
1 0.481250 0.600694 0.084375 0.043056
1 0.181250 0.537500 0.096875 0.041667
1 0.181250 0.575694 0.096875 0.040278
1 0.182422 0.613194 0.099219 0.043056
2 0.019531 0.531944 0.039062 0.219444
2 0.953906 0.647917 0.048438 0.109722
2 0.772656 0.331250 0.453125 0.662500
2 0.916406 0.615972 0.165625 0.765278
2 0.562500 0.577778 0.325000 0.480556
2 0.911328 0.711111 0.175781 0.236111
2 0.760547 0.654861 0.314844 0.156944
