2 0.930469 0.575694 0.137500 0.251389
2 0.933594 0.377083 0.131250 0.237500
1 0.850781 0.747917 0.240625 0.143056
1 0.849609 0.806944 0.239844 0.113889
1 0.848047 0.852083 0.238281 0.118056
1 0.589453 0.701389 0.182031 0.122222
2 0.602734 0.529861 0.160156 0.226389
0 0.562500 0.262500 0.034375 0.016667
0 0.511328 0.320833 0.032031 0.022222
2 0.160938 0.917361 0.321875 0.162500
2 0.104688 0.786111 0.209375 0.425000
0 0.133594 0.392361 0.025000 0.029167
0 0.122656 0.230556 0.025000 0.033333
3 0.345313 0.359722 0.218750 0.311111
