2 0.416406 0.200000 0.154688 0.219444
2 0.229687 0.246528 0.167187 0.251389
2 0.064062 0.250694 0.128125 0.245833
2 0.488281 0.048611 0.123438 0.097222
2 0.326562 0.054167 0.125000 0.108333
2 0.588672 0.111806 0.164844 0.223611
2 0.260937 0.266667 0.212500 0.327778
2 0.487500 0.311806 0.201563 0.270833
2 0.663281 0.273611 0.201563 0.241667
2 0.077734 0.391667 0.155469 0.319444
2 0.202344 0.103472 0.129688 0.193056
2 0.066016 0.119444 0.132031 0.202778
1 0.676172 0.679861 0.302344 0.159722
2 0.391797 0.756944 0.317969 0.483333
2 0.102344 0.704167 0.204687 0.352778
2 0.383203 0.390278 0.341406 0.527778
2 0.634766 0.229167 0.180469 0.241667
2 0.449609 0.283333 0.177344 0.250000
2 0.446875 0.095139 0.184375 0.190278
2 0.247656 0.284722 0.178125 0.266667
2 0.071094 0.318056 0.142187 0.283333
1 0.786719 0.862500 0.350000 0.272222
1 0.725391 0.903472 0.228906 0.190278
1 0.638281 0.952778 0.039062 0.091667
1 0.214062 0.955556 0.012500 0.086111
1 0.212891 0.990972 0.000781 0.015278
