2 0.015625 0.607639 0.031250 0.334722
1 0.051562 0.459028 0.103125 0.134722
1 0.052734 0.495139 0.105469 0.137500
1 0.051562 0.535417 0.103125 0.123611
1 0.054688 0.561111 0.109375 0.147222
2 0.279687 0.264583 0.153125 0.234722
3 0.471875 0.265972 0.142187 0.501389
1 0.441797 0.559028 0.210156 0.129167
1 0.441016 0.625000 0.199219 0.072222
1 0.442969 0.664583 0.207813 0.081944
1 0.441797 0.707639 0.196094 0.070833
1 0.573828 0.852778 0.238281 0.291667
1 0.531641 0.881250 0.153906 0.234722
1 0.472656 0.916667 0.034375 0.163889
1 0.464453 0.933333 0.032031 0.130556
2 0.969531 0.475000 0.059375 0.280556
2 0.951953 0.274306 0.094531 0.201389
2 0.860547 0.283333 0.160156 0.208333
