1 0.600000 0.857639 0.157812 0.070833
4 0.601562 0.802083 0.162500 0.095833
4 0.601562 0.753472 0.164062 0.090278
4 0.600781 0.702083 0.165625 0.098611
2 0.018359 0.973611 0.036719 0.050000
2 0.443750 0.972917 0.039062 0.051389
2 0.052344 0.731944 0.104688 0.480556
2 0.241016 0.748611 0.441406 0.500000
1 0.001172 0.994444 0.002344 0.008333
0 0.994141 0.404167 0.010156 0.058333
0 0.989453 0.546528 0.019531 0.051389
0 0.937500 0.545139 0.064062 0.048611
0 0.933984 0.792361 0.063281 0.056944
1 0.513281 0.986806 0.007812 0.023611
1 0.493359 0.949306 0.063281 0.098611
