1 0.001172 0.590972 0.002344 0.023611
2 0.141797 0.475000 0.124219 0.169444
3 0.194141 0.510417 0.225781 0.390278
2 0.767969 0.906250 0.104688 0.184722
2 0.382812 0.765278 0.003125 0.027778
2 0.361719 0.785417 0.135937 0.270833
2 0.985938 0.684028 0.026562 0.256944
2 0.831641 0.643056 0.178906 0.263889
2 0.920703 0.865278 0.157031 0.266667
2 0.267969 0.864583 0.235937 0.268056
2 0.544531 0.823611 0.328125 0.350000
2 0.124219 0.885417 0.248438 0.226389
2 0.684375 0.677778 0.157812 0.244444
2 0.554297 0.620139 0.150781 0.184722
2 0.829297 0.976389 0.032031 0.044444
2 0.742969 0.963194 0.050000 0.070833
2 0.634766 0.790278 0.283594 0.416667
2 0.332813 0.830556 0.106250 0.336111
2 0.231250 0.786806 0.223438 0.354167
