2 0.553906 0.632639 0.171875 0.215278
2 0.706250 0.665972 0.182812 0.268056
2 0.555078 0.445833 0.174219 0.227778
1 0.914453 0.708333 0.169531 0.113889
1 0.914062 0.760417 0.170313 0.093056
1 0.915234 0.787500 0.167969 0.072222
1 0.913281 0.830556 0.171875 0.105556
3 0.960938 0.711806 0.076563 0.573611
1 0.508203 0.804861 0.246094 0.173611
1 0.508984 0.863889 0.232031 0.147222
1 0.508203 0.911111 0.244531 0.161111
1 0.508984 0.939583 0.230469 0.118056
1 0.203516 0.731944 0.219531 0.122222
1 0.204687 0.786111 0.221875 0.105556
1 0.205469 0.829167 0.218750 0.100000
1 0.206641 0.869444 0.230469 0.113889
2 0.187500 0.625694 0.182812 0.215278
0 0.113672 0.351389 0.041406 0.019444
0 0.050781 0.418056 0.040625 0.025000
