2 0.862109 0.504167 0.274219 0.491667
2 0.878906 0.639583 0.240625 0.718056
2 0.864844 0.139583 0.268750 0.279167
1 0.102734 0.586806 0.205469 0.193056
1 0.099219 0.679167 0.198437 0.177778
1 0.096875 0.765972 0.193750 0.204167
1 0.178906 0.535417 0.168750 0.118056
2 0.491016 0.384722 0.210156 0.291667
1 0.072266 0.362500 0.132031 0.033333
4 0.075391 0.331944 0.121094 0.038889
4 0.078516 0.300000 0.113281 0.036111
4 0.077734 0.270833 0.113281 0.036111
1 0.011328 0.363889 0.022656 0.030556
0 0.303125 0.067361 0.034375 0.034722
0 0.284766 0.226389 0.039844 0.055556
3 0.542969 0.215278 0.246875 0.363889
