1 0.726172 0.959028 0.161719 0.079167
1 0.708594 0.979861 0.126562 0.037500
2 0.903906 0.835417 0.190625 0.309722
0 0.997656 0.420139 0.003125 0.029167
0 0.968750 0.473611 0.034375 0.036111
1 0.279297 0.603472 0.116406 0.048611
4 0.281250 0.572917 0.115625 0.056944
4 0.280469 0.542361 0.115625 0.054167
4 0.280078 0.513889 0.116406 0.055556
2 0.010937 0.945139 0.021875 0.106944
2 0.091016 0.768056 0.182031 0.275000
2 0.087500 0.555556 0.175000 0.266667
1 0.023828 0.668750 0.035156 0.006944
0 0.521094 0.320833 0.018750 0.036111
0 0.521094 0.405556 0.021875 0.030556
0 0.482422 0.405556 0.033594 0.027778
0 0.483984 0.554167 0.033594 0.030556
1 0.130469 0.692361 0.167187 0.070833
3 0.757812 0.483333 0.265625 0.352778
1 0.129688 0.658333 0.176563 0.077778
