1 0.971484 0.699306 0.055469 0.043056
4 0.975000 0.668056 0.048438 0.044444
4 0.975781 0.634028 0.046875 0.043056
4 0.976172 0.593750 0.046094 0.054167
2 0.021094 0.757639 0.042188 0.081944
2 0.092188 0.877083 0.184375 0.243056
2 0.201953 0.916667 0.324219 0.163889
2 0.341016 0.737500 0.227344 0.338889
2 0.201172 0.772917 0.191406 0.256944
2 0.106641 0.717361 0.172656 0.215278
2 0.198047 0.554167 0.194531 0.266667
2 0.102734 0.526389 0.174219 0.236111
2 0.498437 0.859028 0.259375 0.279167
1 0.475781 0.674306 0.148438 0.056944
2 0.599219 0.709722 0.173437 0.255556
2 0.751953 0.766667 0.200781 0.275000
2 0.755859 0.546528 0.200781 0.262500
2 0.033984 0.706944 0.067969 0.183333
2 0.092578 0.793056 0.185156 0.277778
2 0.208203 0.852083 0.242969 0.293056
2 0.373437 0.884028 0.287500 0.229167
1 0.566797 0.707639 0.139844 0.076389
1 0.474219 0.700694 0.093750 0.037500
1 0.732031 0.675000 0.009375 0.027778
5 0.914453 0.592361 0.014844 0.168056
1 0.821484 0.716667 0.172656 0.075000
1 0.821875 0.688889 0.171875 0.066667
