3 0.345313 0.831250 0.001563 0.001389
1 0.359375 0.856250 0.029687 0.051389
1 0.425000 0.922917 0.101562 0.098611
2 0.394141 0.871528 0.100781 0.254167
2 0.779297 0.763889 0.075781 0.119444
2 0.723437 0.748611 0.104688 0.177778
2 0.822266 0.625000 0.100781 0.072222
2 0.731250 0.647222 0.090625 0.113889
0 0.950000 0.526389 0.032813 0.019444
2 0.967969 0.627778 0.062500 0.072222
2 0.935937 0.675000 0.126562 0.155556
2 0.991406 0.704167 0.015625 0.077778
2 0.844141 0.768750 0.166406 0.193056
2 0.641797 0.707639 0.107031 0.126389
2 0.548828 0.715278 0.091406 0.141667
2 0.986328 0.700000 0.025781 0.086111
2 0.953906 0.586806 0.090625 0.154167
2 0.875391 0.677778 0.146094 0.163889
2 0.768359 0.688889 0.155469 0.183333
3 0.782031 0.499306 0.434375 0.998611
