2 0.169922 0.931944 0.339844 0.133333
2 0.539844 0.969444 0.339062 0.058333
2 0.664844 0.798611 0.301563 0.400000
2 0.361328 0.864583 0.291406 0.268056
2 0.139844 0.856944 0.279687 0.283333
2 0.358203 0.602083 0.296094 0.381944
2 0.139453 0.578472 0.278906 0.351389
2 0.920703 0.853472 0.157031 0.154167
1 0.508203 0.724306 0.013281 0.040278
2 0.730078 0.741667 0.191406 0.291667
2 0.926562 0.756250 0.145313 0.248611
2 0.927734 0.521528 0.142969 0.270833
2 0.071875 0.878472 0.143750 0.240278
2 0.263281 0.883333 0.353125 0.230556
2 0.069922 0.629861 0.139844 0.420833
2 0.607422 0.908333 0.366406 0.180556
2 0.917188 0.936111 0.164062 0.125000
1 0.487891 0.760417 0.053906 0.015278
1 0.835938 0.696528 0.039062 0.034722
5 0.838672 0.492361 0.039844 0.006944
1 0.932422 0.712500 0.133594 0.069444
1 0.932422 0.682639 0.133594 0.054167
