1 0.966797 0.790972 0.064844 0.093056
2 0.894531 0.627083 0.151562 0.240278
0 0.714063 0.342361 0.039062 0.034722
0 0.637891 0.402778 0.036719 0.036111
1 0.039062 0.751389 0.078125 0.063889
4 0.037891 0.710417 0.075781 0.068056
4 0.037500 0.667361 0.075000 0.065278
4 0.036719 0.612500 0.073438 0.086111
2 0.700391 0.893750 0.503906 0.209722
2 0.861719 0.916667 0.275000 0.163889
2 0.126953 0.877083 0.253906 0.243056
2 0.333203 0.834722 0.288281 0.327778
2 0.970703 0.961111 0.057031 0.075000
0 0.273438 0.326389 0.029687 0.038889
1 0.202344 0.829167 0.256250 0.141667
3 0.481250 0.468056 0.204687 0.347222
1 0.200781 0.788889 0.245312 0.119444
