1 0.268359 0.770139 0.005469 0.006944
4 0.280078 0.720833 0.019531 0.013889
4 0.289062 0.659722 0.003125 0.005556
2 0.087891 0.560417 0.175781 0.570833
2 0.464453 0.563889 0.466406 0.544444
2 0.808594 0.615278 0.381250 0.402778
2 0.499609 0.238194 0.999219 0.476389
2 0.307422 0.483333 0.282031 0.405556
2 0.520703 0.729167 0.196094 0.163889
2 0.216406 0.756944 0.101562 0.097222
2 0.348828 0.727083 0.147656 0.140278
2 0.062891 0.165278 0.125781 0.311111
2 0.360156 0.432639 0.360938 0.501389
2 0.569141 0.470139 0.122656 0.431944
1 0.285938 0.675000 0.009375 0.008333
1 0.285938 0.663194 0.009375 0.012500
