1 0.939063 0.804861 0.120313 0.170833
1 0.941406 0.869444 0.115625 0.130556
1 0.725000 0.683333 0.207813 0.144444
2 0.727734 0.494444 0.169531 0.236111
0 0.676172 0.210417 0.036719 0.018056
0 0.620703 0.268056 0.033594 0.025000
2 0.272266 0.931250 0.446094 0.134722
2 0.133594 0.752083 0.267188 0.220833
2 0.050000 0.613889 0.100000 0.288889
2 0.184766 0.785417 0.369531 0.426389
0 0.230469 0.174306 0.025000 0.034722
0 0.232422 0.259722 0.032031 0.027778
0 0.194922 0.263194 0.039844 0.029167
0 0.200781 0.414583 0.039062 0.031944
1 0.024609 0.575000 0.049219 0.044444
3 0.451172 0.306250 0.219531 0.318056
1 0.030859 0.535417 0.061719 0.054167
