1 0.985547 0.415278 0.027344 0.063889
1 0.984766 0.456944 0.028906 0.052778
1 0.980078 0.488194 0.033594 0.037500
2 0.938672 0.311111 0.121094 0.244444
0 0.806641 0.018056 0.041406 0.019444
0 0.728906 0.079167 0.037500 0.022222
2 0.555078 0.736806 0.492969 0.523611
2 0.196094 0.668750 0.392188 0.659722
2 0.825000 0.761806 0.137500 0.473611
2 0.131641 0.684028 0.263281 0.451389
2 0.346484 0.560417 0.258594 0.376389
2 0.125000 0.331944 0.250000 0.461111
2 0.337109 0.246528 0.275781 0.351389
2 0.396094 0.737500 0.792188 0.522222
2 0.773438 0.799306 0.451562 0.398611
2 0.927734 0.740278 0.142969 0.516667
0 0.355859 0.004167 0.027344 0.008333
0 0.351953 0.084722 0.041406 0.033333
0 0.316406 0.090278 0.045312 0.033333
0 0.322656 0.256944 0.043750 0.033333
1 0.246094 0.477778 0.218750 0.094444
3 0.563672 0.152083 0.211719 0.304167
1 0.303906 0.434722 0.114062 0.069444
