2 0.366797 0.705556 0.174219 0.219444
2 0.218750 0.697917 0.212500 0.254167
2 0.084766 0.687500 0.169531 0.300000
2 0.262891 0.650694 0.132031 0.156944
2 0.119922 0.634028 0.160156 0.184722
0 0.423438 0.486806 0.037500 0.018056
2 0.480469 0.631250 0.150000 0.187500
2 0.435156 0.562500 0.232813 0.302778
2 0.565625 0.698611 0.182812 0.252778
2 0.616406 0.706944 0.081250 0.211111
2 0.565625 0.471528 0.181250 0.270833
2 0.260156 0.673611 0.284375 0.363889
2 0.037500 0.697222 0.075000 0.152778
1 0.982031 0.679167 0.006250 0.052778
2 0.907422 0.664583 0.183594 0.404167
2 0.816797 0.636111 0.333594 0.530556
2 0.896875 0.296528 0.204687 0.406944
2 0.569531 0.708333 0.156250 0.200000
2 0.462500 0.701389 0.178125 0.236111
2 0.572656 0.605556 0.146875 0.050000
2 0.460547 0.489583 0.180469 0.254167
2 0.319531 0.693750 0.220312 0.273611
2 0.142187 0.680556 0.270313 0.330556
1 0.991016 0.623611 0.016406 0.088889
1 0.996094 0.536806 0.006250 0.081944
