1 0.926562 0.536806 0.145313 0.093056
1 0.924219 0.572222 0.150000 0.086111
2 0.888281 0.415972 0.135937 0.176389
1 0.233203 0.456250 0.049219 0.026389
4 0.232422 0.432639 0.050781 0.040278
4 0.232031 0.403472 0.051562 0.037500
4 0.230859 0.365972 0.050781 0.056944
2 0.425781 0.934028 0.368750 0.129167
2 0.705469 0.871528 0.320312 0.254167
2 0.878906 0.827778 0.240625 0.341667
2 0.094922 0.934028 0.189844 0.129167
2 0.461719 0.681944 0.251563 0.400000
2 0.213672 0.868750 0.291406 0.259722
2 0.045312 0.902778 0.090625 0.108333
2 0.201953 0.615972 0.303906 0.448611
2 0.043359 0.660417 0.086719 0.431944
2 0.637891 0.690278 0.222656 0.311111
1 0.095703 0.660417 0.117969 0.073611
2 0.238281 0.573611 0.185938 0.222222
2 0.396094 0.551389 0.171875 0.227778
2 0.391797 0.361806 0.174219 0.243056
2 0.033203 0.925694 0.066406 0.065278
2 0.297266 0.877083 0.328906 0.243056
2 0.562109 0.829167 0.280469 0.338889
2 0.750391 0.733333 0.247656 0.291667
1 0.075391 0.686111 0.063281 0.022222
1 0.178906 0.515972 0.060937 0.040278
5 0.111328 0.370139 0.066406 0.109722
0 0.432422 0.161806 0.027344 0.031944
0 0.433594 0.225000 0.026562 0.038889
0 0.405078 0.228472 0.035156 0.034722
0 0.407422 0.359028 0.033594 0.040278
1 0.334375 0.502083 0.146875 0.065278
3 0.602734 0.268750 0.177344 0.276389
1 0.333984 0.479861 0.155469 0.059722
