2 0.298438 0.652778 0.031250 0.025000
2 0.150781 0.709722 0.159375 0.141667
2 0.756641 0.528472 0.207031 0.281944
2 0.454688 0.532639 0.167187 0.245833
0 0.958594 0.264583 0.067187 0.054167
2 0.832812 0.733333 0.332813 0.505556
2 0.005469 0.657639 0.010937 0.070833
2 0.575781 0.954167 0.004687 0.088889
2 0.814844 0.955556 0.368750 0.086111
2 0.291406 0.643750 0.582812 0.709722
2 0.276172 0.613889 0.200781 0.266667
2 0.098047 0.588194 0.196094 0.223611
2 0.840625 0.876389 0.317188 0.244444
2 0.577734 0.874306 0.003906 0.248611
2 0.357031 0.559028 0.451562 0.562500
2 0.076563 0.699306 0.153125 0.323611
