2 0.010937 0.988889 0.021875 0.019444
1 0.648828 0.359722 0.163281 0.097222
4 0.651563 0.316667 0.167187 0.102778
4 0.652734 0.272222 0.167969 0.097222
4 0.654297 0.221528 0.169531 0.109722
1 0.017188 0.146528 0.034375 0.018056
1 0.006250 0.155556 0.012500 0.005556
2 0.025391 0.140972 0.050781 0.031944
2 0.049219 0.361806 0.098437 0.281944
2 0.040625 0.118750 0.081250 0.237500
1 0.101953 0.275694 0.036719 0.065278
1 0.100391 0.231944 0.038281 0.030556
1 0.096094 0.193056 0.048438 0.033333
1 0.100781 0.213889 0.042188 0.050000
1 0.382422 0.265278 0.127344 0.075000
5 0.567187 0.211111 0.081250 0.177778
0 0.944141 0.003472 0.058594 0.006944
0 0.937109 0.149306 0.086719 0.068056
0 0.878516 0.130556 0.080469 0.066667
0 0.863672 0.416667 0.075781 0.077778
1 0.194531 0.329861 0.150000 0.090278
3 0.972656 0.774306 0.053125 0.068056
1 0.193359 0.285417 0.163281 0.106944
