2 0.213672 0.793750 0.403906 0.409722
2 0.596484 0.792361 0.366406 0.412500
2 0.046094 0.622917 0.092188 0.406944
2 0.677734 0.647917 0.192969 0.365278
2 0.423828 0.790278 0.272656 0.308333
2 0.203125 0.789583 0.265625 0.279167
2 0.208203 0.465278 0.266406 0.294444
2 0.273438 0.499306 0.546875 0.998611
2 0.499609 0.499306 0.999219 0.998611
1 0.595313 0.741667 0.014063 0.008333
2 0.720313 0.833333 0.093750 0.008333
2 0.104688 0.806250 0.209375 0.359722
2 0.328906 0.797917 0.250000 0.370833
2 0.107031 0.449306 0.214062 0.373611
2 0.654687 0.645833 0.245312 0.411111
2 0.945703 0.469444 0.100781 0.152778
1 0.656641 0.830556 0.032031 0.005556
1 0.450781 0.829167 0.004687 0.011111
1 0.451172 0.770139 0.003906 0.031944
1 0.451172 0.786806 0.003906 0.001389
