2 0.824219 0.456944 0.095312 0.311111
2 0.334766 0.533333 0.085156 0.419444
2 0.136328 0.388889 0.272656 0.125000
2 0.726953 0.209028 0.188281 0.220833
2 0.508984 0.200000 0.186719 0.191667
0 0.951562 0.004861 0.062500 0.006944
2 0.919141 0.300000 0.160156 0.300000
2 0.605469 0.575694 0.464062 0.670833
2 0.885547 0.716667 0.227344 0.563889
2 0.892969 0.265972 0.212500 0.531944
2 0.187891 0.740278 0.375781 0.516667
2 0.333594 0.320833 0.182812 0.236111
2 0.134375 0.329167 0.195312 0.233333
2 0.969922 0.568750 0.058594 0.193056
2 0.868750 0.565278 0.260937 0.466667
2 0.505078 0.643056 0.341406 0.516667
2 0.158594 0.667361 0.317188 0.554167
