1 0.932813 0.961111 0.132812 0.075000
1 0.893359 0.987500 0.074219 0.022222
1 0.454688 0.306250 0.140625 0.059722
4 0.457422 0.269444 0.139844 0.066667
4 0.457422 0.231944 0.141406 0.063889
4 0.457031 0.192361 0.142187 0.073611
2 0.035547 0.453472 0.071094 0.323611
2 0.140625 0.493056 0.273438 0.350000
2 0.133594 0.209722 0.267188 0.358333
1 0.003906 0.364583 0.007812 0.037500
1 0.004687 0.398611 0.009375 0.038889
5 0.310937 0.190278 0.082812 0.194444
0 0.760156 0.061111 0.032813 0.063889
0 0.709766 0.061806 0.047656 0.056944
0 0.705469 0.256250 0.045312 0.056944
1 0.235547 0.398611 0.208594 0.086111
3 0.942969 0.348611 0.112500 0.147222
1 0.234375 0.357639 0.220312 0.095833
