2 0.308984 0.443750 0.160156 0.098611
2 0.312500 0.452083 0.117188 0.081944
2 0.320312 0.300694 0.143750 0.223611
2 0.531641 0.421528 0.133594 0.173611
3 0.697266 0.391667 0.147656 0.352778
1 0.733984 0.453472 0.155469 0.037500
1 0.750391 0.415972 0.182031 0.034722
1 0.746484 0.490972 0.189844 0.043056
1 0.746484 0.528472 0.183594 0.043056
1 0.748047 0.558333 0.192969 0.038889
1 0.753125 0.609028 0.104688 0.037500
1 0.905469 0.459028 0.187500 0.054167
1 0.899609 0.402083 0.199219 0.054167
1 0.905859 0.510417 0.186719 0.062500
1 0.905078 0.562500 0.188281 0.072222
1 0.898828 0.609028 0.174219 0.081944
1 0.882812 0.659028 0.159375 0.093056
2 0.781641 0.618056 0.389844 0.480556
2 0.981250 0.431250 0.035937 0.004167
