2 0.160938 0.908333 0.321875 0.180556
2 0.921094 0.791667 0.156250 0.413889
2 0.466797 0.915278 0.005469 0.166667
2 0.393750 0.877778 0.073438 0.241667
2 0.644141 0.611111 0.366406 0.502778
2 0.238281 0.612500 0.382812 0.502778
2 0.783594 0.696528 0.223438 0.254167
2 0.944922 0.654167 0.108594 0.200000
2 0.788281 0.458333 0.229687 0.286111
2 0.347656 0.942361 0.025000 0.112500
2 0.470313 0.940972 0.001563 0.115278
2 0.180078 0.694444 0.360156 0.608333
2 0.711328 0.693750 0.488281 0.609722
2 0.966797 0.938194 0.064844 0.120833
1 0.444141 0.772917 0.033594 0.037500
1 0.664062 0.642361 0.012500 0.029167
5 0.722266 0.441667 0.035156 0.027778
1 0.945312 0.644444 0.107813 0.066667
1 0.941406 0.620139 0.115625 0.040278
