1 0.832812 0.962500 0.157812 0.072222
2 0.998828 0.850694 0.000781 0.023611
1 0.522656 0.503472 0.120313 0.059722
2 0.088281 0.827778 0.176563 0.341667
1 0.042969 0.566667 0.085938 0.063889
1 0.043750 0.509722 0.087500 0.058333
1 0.044531 0.536806 0.089063 0.065278
2 0.134375 0.584722 0.185938 0.250000
2 0.284766 0.612500 0.186719 0.266667
2 0.031641 0.815972 0.063281 0.362500
1 0.104688 0.580556 0.148438 0.088889
1 0.044531 0.568750 0.089063 0.062500
1 0.087109 0.525694 0.003906 0.023611
1 0.444531 0.530556 0.035937 0.050000
5 0.407031 0.404167 0.053125 0.063889
0 0.769141 0.238194 0.030469 0.037500
0 0.742969 0.393750 0.054688 0.068056
1 0.350000 0.561111 0.154688 0.061111
3 0.933984 0.431250 0.130469 0.381944
1 0.349609 0.532639 0.153906 0.059722
