1 0.205469 0.960417 0.406250 0.076389
1 0.409375 0.913194 0.242188 0.093056
2 0.758594 0.800000 0.225000 0.311111
1 0.351562 0.768750 0.117188 0.029167
4 0.353516 0.738889 0.116406 0.036111
4 0.353516 0.708333 0.116406 0.033333
4 0.353516 0.679861 0.116406 0.034722
2 0.001953 0.645833 0.003906 0.013889
2 0.069531 0.747917 0.139063 0.218056
5 0.249219 0.697222 0.068750 0.152778
0 0.573438 0.484722 0.029687 0.033333
0 0.573047 0.571528 0.028906 0.023611
0 0.536719 0.572917 0.037500 0.023611
0 0.538672 0.725000 0.038281 0.025000
1 0.174609 0.731250 0.072656 0.034722
3 0.826172 0.627778 0.260156 0.377778
1 0.176953 0.702083 0.077344 0.034722
