2 0.083594 0.520833 0.167187 0.955556
2 0.025781 0.634722 0.051562 0.138889
2 0.070703 0.612500 0.141406 0.222222
2 0.121094 0.711111 0.135937 0.188889
2 0.162891 0.714583 0.116406 0.168056
2 0.039453 0.700000 0.078906 0.263889
2 0.433203 0.706250 0.094531 0.218056
2 0.413672 0.700000 0.128906 0.261111
2 0.427344 0.500694 0.106250 0.218056
2 0.078125 0.716667 0.112500 0.161111
2 0.039844 0.711111 0.079687 0.188889
2 0.081250 0.561806 0.117188 0.170833
2 0.014844 0.613194 0.029687 0.190278
1 0.562109 0.727778 0.130469 0.027778
1 0.562109 0.756250 0.130469 0.029167
1 0.565625 0.779861 0.131250 0.015278
1 0.553516 0.785417 0.113281 0.029167
1 0.551562 0.729861 0.109375 0.018056
1 0.551953 0.759722 0.110156 0.025000
1 0.804688 0.776389 0.137500 0.036111
5 0.980078 0.725694 0.038281 0.181944
1 0.586328 0.700000 0.133594 0.044444
1 0.585547 0.661806 0.124219 0.045833
