2 0.046094 0.733333 0.092188 0.275000
2 0.096875 0.655556 0.193750 0.275000
2 0.093359 0.452778 0.186719 0.288889
1 0.484375 0.852083 0.045312 0.170833
1 0.435547 0.770139 0.142969 0.165278
1 0.435937 0.813194 0.142187 0.173611
2 0.412891 0.897917 0.097656 0.201389
2 0.183594 0.823611 0.367188 0.350000
2 0.046094 0.639583 0.092188 0.281944
2 0.041016 0.422917 0.082031 0.254167
1 0.621875 0.956944 0.214062 0.083333
1 0.637500 0.907639 0.190625 0.093056
1 0.637891 0.839583 0.189844 0.068056
1 0.637891 0.868056 0.191406 0.091667
