2 0.026562 0.310417 0.053125 0.159722
2 0.087891 0.311111 0.080469 0.161111
1 0.175781 0.370833 0.090625 0.036111
1 0.185156 0.385417 0.079687 0.015278
2 0.375781 0.252778 0.123438 0.158333
3 0.514062 0.228472 0.110937 0.340278
1 0.397266 0.375694 0.177344 0.043056
1 0.400391 0.393750 0.163281 0.006944
2 0.072656 0.297917 0.145313 0.190278
2 0.937109 0.316667 0.117969 0.172222
2 0.970313 0.311806 0.051562 0.184722
2 0.975000 0.317361 0.040625 0.154167
2 0.891797 0.320833 0.135156 0.161111
2 0.951953 0.313889 0.088281 0.177778
