1 0.856641 0.906944 0.183594 0.086111
4 0.846094 0.856250 0.160938 0.093056
4 0.857812 0.803472 0.185938 0.084722
4 0.857812 0.754167 0.185938 0.083333
1 0.198047 0.740278 0.080469 0.047222
1 0.203125 0.689583 0.078125 0.020833
1 0.201172 0.715278 0.074219 0.033333
2 0.197266 0.773611 0.119531 0.238889
2 0.171875 0.818056 0.159375 0.297222
1 0.335156 0.805556 0.112500 0.022222
1 0.287109 0.788194 0.013281 0.012500
1 0.307031 0.748611 0.053125 0.027778
1 0.333203 0.772917 0.105469 0.034722
1 0.612891 0.845833 0.138281 0.069444
5 0.775391 0.777778 0.086719 0.183333
1 0.361719 0.804167 0.126562 0.072222
1 0.362500 0.763194 0.135937 0.070833
