2 0.702734 0.786806 0.133594 0.220833
2 0.660937 0.827083 0.160938 0.270833
2 0.605859 0.854167 0.202344 0.288889
2 0.421875 0.678472 0.121875 0.176389
2 0.340234 0.695139 0.157031 0.209722
0 0.602734 0.503472 0.041406 0.026389
2 0.733594 0.686806 0.109375 0.193056
2 0.955859 0.740972 0.086719 0.298611
2 0.956250 0.806944 0.085938 0.230556
2 0.955859 0.771528 0.086719 0.198611
2 0.955469 0.564583 0.087500 0.209722
2 0.956641 0.860417 0.085156 0.276389
2 0.241406 0.809028 0.182812 0.256944
2 0.146875 0.846528 0.192188 0.304167
2 0.846484 0.773611 0.103906 0.211111
2 0.835938 0.808333 0.123438 0.258333
2 0.840625 0.581250 0.112500 0.195833
2 0.818359 0.846528 0.149219 0.304167
2 0.796484 0.856944 0.186719 0.283333
