2 0.521875 0.664583 0.092188 0.065278
2 0.453906 0.650000 0.054688 0.097222
2 0.182422 0.600694 0.060156 0.220833
2 0.378125 0.471528 0.021875 0.023611
2 0.493750 0.493750 0.178125 0.251389
2 0.666016 0.604861 0.085156 0.173611
2 0.825391 0.533333 0.010156 0.025000
2 0.319141 0.601389 0.213281 0.275000
2 0.127344 0.600694 0.051562 0.165278
1 0.983984 0.579167 0.030469 0.019444
1 0.983594 0.492361 0.031250 0.054167
1 0.983984 0.543750 0.030469 0.051389
2 0.744141 0.640278 0.175781 0.238889
2 0.548047 0.602778 0.322656 0.441667
2 0.824609 0.533333 0.008594 0.025000
2 0.548438 0.680556 0.039062 0.030556
2 0.431641 0.503472 0.128906 0.223611
2 0.272656 0.496528 0.190625 0.245833
1 0.993359 0.877778 0.011719 0.136111
1 0.666406 0.601389 0.329688 0.088889
1 0.671484 0.516667 0.317969 0.091667
