3 0.283984 0.502083 0.567969 0.993056
1 0.871875 0.719444 0.132812 0.052778
2 0.044531 0.719444 0.089063 0.069444
2 0.123828 0.855556 0.235156 0.286111
2 0.188672 0.660417 0.110156 0.212500
2 0.079687 0.655556 0.109375 0.069444
2 0.052734 0.665278 0.105469 0.113889
2 0.403906 0.817361 0.157812 0.268056
1 0.417578 0.679861 0.047656 0.026389
2 0.443750 0.696528 0.078125 0.179167
2 0.634375 0.731250 0.132812 0.231944
2 0.451953 0.526389 0.092969 0.180556
2 0.634766 0.538889 0.133594 0.211111
2 0.047656 0.683333 0.095312 0.077778
2 0.047266 0.548611 0.094531 0.236111
2 0.114062 0.707639 0.217188 0.101389
2 0.246094 0.810417 0.229687 0.254167
1 0.476953 0.702778 0.010156 0.005556
1 0.632812 0.699306 0.114062 0.029167
5 0.753125 0.634028 0.070312 0.159722
1 0.681641 0.704861 0.152344 0.048611
1 0.681641 0.677778 0.150781 0.044444
