1 0.847656 0.797917 0.201563 0.118056
4 0.851172 0.749306 0.205469 0.123611
4 0.852344 0.697917 0.206250 0.115278
4 0.852734 0.643056 0.205469 0.125000
1 0.108594 0.619444 0.114062 0.075000
2 0.128906 0.682639 0.145313 0.290278
2 0.149219 0.795139 0.185938 0.390278
2 0.119531 0.436806 0.153125 0.259722
2 0.146094 0.497917 0.181250 0.348611
1 0.223828 0.685417 0.074219 0.073611
1 0.221484 0.657639 0.088281 0.043056
1 0.609375 0.754861 0.175000 0.106944
5 0.735156 0.602778 0.118750 0.252778
1 0.348047 0.753472 0.174219 0.112500
1 0.348438 0.705556 0.187500 0.125000
