2 0.642969 0.761806 0.154688 0.229167
2 0.468750 0.848611 0.118750 0.008333
2 0.275000 0.765278 0.162500 0.230556
2 0.730859 0.613194 0.127344 0.145833
2 0.566797 0.621528 0.119531 0.162500
0 0.855859 0.460417 0.035156 0.026389
2 0.824609 0.645833 0.175781 0.166667
2 0.469141 0.731250 0.197656 0.287500
2 0.703906 0.836111 0.212500 0.294444
2 0.894141 0.715278 0.210156 0.058333
2 0.243750 0.843750 0.210938 0.298611
2 0.313281 0.690278 0.115625 0.166667
1 0.719531 0.987500 0.023438 0.022222
1 0.858203 0.927778 0.282031 0.138889
1 0.840625 0.959028 0.242188 0.079167
2 0.551562 0.910417 0.339062 0.176389
2 0.216016 0.914583 0.227344 0.168056
2 0.874219 0.698611 0.200000 0.066667
2 0.668750 0.795139 0.185938 0.259722
2 0.874219 0.570833 0.200000 0.225000
2 0.459375 0.590972 0.173437 0.031944
2 0.257812 0.704167 0.187500 0.255556
1 0.901563 0.959722 0.195312 0.077778
