2 0.596875 0.485417 0.160938 0.215278
2 0.742188 0.508333 0.171875 0.236111
1 0.909375 0.629167 0.098437 0.080556
3 0.880469 0.588889 0.237500 0.797222
1 0.570703 0.707639 0.205469 0.134722
1 0.286328 0.575694 0.211719 0.098611
1 0.286719 0.620833 0.210938 0.083333
1 0.286719 0.657639 0.198437 0.084722
2 0.255078 0.488194 0.166406 0.212500
0 0.171875 0.239583 0.039062 0.012500
0 0.110156 0.306250 0.037500 0.018056
2 0.130078 0.872917 0.260156 0.251389
2 0.021094 0.758333 0.042188 0.480556
3 0.023828 0.342361 0.047656 0.315278
