1 0.494141 0.920833 0.364844 0.155556
1 0.476953 0.959028 0.357031 0.079167
1 0.780859 0.907639 0.275781 0.101389
1 0.813672 0.813194 0.046094 0.029167
4 0.812109 0.781250 0.042969 0.034722
4 0.801172 0.748611 0.064844 0.033333
4 0.769531 0.718056 0.126562 0.033333
2 0.070703 0.656944 0.141406 0.244444
2 0.018750 0.778472 0.037500 0.143056
2 0.142969 0.765972 0.212500 0.281944
1 0.227344 0.747222 0.082812 0.025000
2 0.341797 0.752778 0.150781 0.191667
2 0.448828 0.751389 0.172656 0.202778
2 0.004297 0.748611 0.008594 0.208333
2 0.058984 0.763889 0.117969 0.297222
1 0.305469 0.825694 0.039062 0.004167
1 0.262500 0.811806 0.012500 0.026389
1 0.536719 0.796528 0.118750 0.026389
5 0.660547 0.740278 0.074219 0.155556
0 0.981641 0.665278 0.035156 0.063889
1 0.537500 0.752083 0.148438 0.029167
1 0.537109 0.722222 0.146094 0.027778
