4 0.352734 0.126389 0.019531 0.013889
4 0.342187 0.100000 0.045312 0.066667
4 0.341406 0.055556 0.045312 0.075000
2 0.590625 0.591667 0.817187 0.813889
1 0.232813 0.651389 0.401562 0.261111
1 0.225391 0.513194 0.413281 0.212500
1 0.228906 0.574306 0.407813 0.256944
2 0.557813 0.497917 0.339062 0.512500
2 0.786328 0.378472 0.313281 0.434722
2 0.548438 0.174306 0.373437 0.348611
2 0.843359 0.120833 0.227344 0.241667
1 0.025781 0.716667 0.051562 0.097222
1 0.018359 0.601389 0.036719 0.072222
1 0.016016 0.652083 0.032031 0.098611
5 0.218750 0.081944 0.084375 0.102778
1 0.685937 0.272917 0.123438 0.068056
3 0.866406 0.052778 0.228125 0.105556
1 0.674609 0.236111 0.144531 0.086111
