2 0.259766 0.955556 0.033594 0.080556
3 0.364453 0.900694 0.096094 0.195833
2 0.941797 0.972222 0.114844 0.033333
2 0.846484 0.977778 0.011719 0.033333
2 0.553906 0.961806 0.070312 0.073611
2 0.946484 0.939583 0.105469 0.093056
2 0.678125 0.880556 0.184375 0.236111
2 0.927344 0.937500 0.143750 0.113889
2 0.487891 0.940972 0.202344 0.115278
2 0.871875 0.977083 0.042188 0.034722
1 0.875000 0.954861 0.248438 0.087500
1 0.877344 0.787500 0.243750 0.108333
1 0.878906 0.872917 0.240625 0.098611
2 0.551953 0.856250 0.385156 0.284722
2 0.322656 0.881250 0.171875 0.234722
2 0.548828 0.535417 0.371094 0.556944
2 0.242578 0.593750 0.341406 0.462500
2 0.938672 0.938889 0.121094 0.100000
2 0.737500 0.892361 0.207813 0.204167
2 0.541016 0.899306 0.189844 0.198611
1 0.244531 0.970833 0.007812 0.055556
1 0.165625 0.847222 0.003125 0.002778
