3 0.061719 0.763194 0.123438 0.218056
1 0.142578 0.951389 0.285156 0.094444
1 0.630078 0.601389 0.321094 0.127778
1 0.623437 0.496528 0.306250 0.145833
1 0.637500 0.707639 0.335938 0.118056
1 0.610156 0.830556 0.281250 0.113889
1 0.600000 0.938194 0.260937 0.120833
1 0.514844 0.968056 0.090625 0.061111
2 0.499609 0.499306 0.999219 0.998611
2 0.919141 0.818056 0.128906 0.097222
2 0.824219 0.825694 0.151562 0.109722
2 0.733984 0.770139 0.033594 0.006944
2 0.718359 0.768750 0.002344 0.004167
0 0.878906 0.540972 0.028125 0.009722
2 0.982031 0.666667 0.034375 0.255556
2 0.929297 0.782639 0.139844 0.323611
2 0.975391 0.818750 0.041406 0.101389
2 0.968359 0.511111 0.061719 0.111111
2 0.918359 0.666667 0.161719 0.250000
2 0.828906 0.654167 0.214062 0.283333
