1 0.564453 0.465972 0.036719 0.034722
2 0.110156 0.883333 0.220312 0.230556
2 0.432422 0.884722 0.442969 0.227778
2 0.153516 0.597917 0.307031 0.345833
2 0.001563 0.434722 0.003125 0.063889
2 0.451172 0.769444 0.274219 0.411111
1 0.101953 0.456250 0.141406 0.029167
2 0.261328 0.551389 0.189844 0.258333
2 0.460156 0.552083 0.173437 0.259722
2 0.136719 0.734722 0.273438 0.511111
2 0.446484 0.737500 0.342969 0.513889
1 0.407813 0.509722 0.104688 0.016667
5 0.392188 0.381250 0.043750 0.059722
0 0.772266 0.184722 0.030469 0.033333
0 0.747656 0.336806 0.053125 0.059722
1 0.456250 0.503472 0.125000 0.054167
3 0.936719 0.341667 0.125000 0.336111
1 0.466016 0.469444 0.142969 0.025000
