1 0.125391 0.869444 0.250781 0.205556
2 0.326562 0.829861 0.653125 0.337500
2 0.380859 0.368056 0.119531 0.144444
2 0.305078 0.402083 0.149219 0.184722
2 0.214844 0.450694 0.176563 0.248611
2 0.215625 0.291667 0.112500 0.144444
2 0.122656 0.306944 0.140625 0.163889
0 0.363672 0.150000 0.035156 0.022222
2 0.443359 0.293056 0.107031 0.138889
2 0.509766 0.347222 0.139844 0.216667
2 0.567187 0.401389 0.121875 0.194444
2 0.601172 0.378472 0.102344 0.173611
2 0.568359 0.229861 0.124219 0.184722
2 0.604688 0.225000 0.109375 0.163889
2 0.448828 0.471528 0.174219 0.270833
2 0.053125 0.393750 0.106250 0.190278
2 0.006250 0.405556 0.012500 0.180556
1 0.881250 0.424306 0.096875 0.037500
2 0.874609 0.450694 0.132031 0.226389
2 0.869922 0.509028 0.146094 0.309722
2 0.885547 0.240278 0.125781 0.230556
2 0.552734 0.429861 0.021094 0.020833
2 0.466406 0.395833 0.107813 0.172222
2 0.472656 0.225000 0.121875 0.172222
2 0.407422 0.415972 0.142969 0.204167
2 0.328125 0.461806 0.173437 0.259722
1 0.972266 0.502083 0.035156 0.048611
1 0.970313 0.480556 0.035937 0.038889
1 0.994141 0.510417 0.010156 0.048611
1 0.992578 0.468750 0.013281 0.084722
