2 0.945312 0.393056 0.107813 0.105556
2 0.947266 0.281250 0.103906 0.156944
2 0.815625 0.477083 0.131250 0.206944
0 0.505859 0.247222 0.036719 0.016667
0 0.412109 0.320833 0.035156 0.019444
1 0.300000 0.940278 0.014063 0.116667
4 0.252734 0.907639 0.097656 0.181944
4 0.200781 0.866667 0.198437 0.222222
4 0.198828 0.805556 0.200781 0.222222
5 0.152734 0.970833 0.114844 0.055556
0 0.246484 0.248611 0.033594 0.027778
0 0.246094 0.526389 0.056250 0.086111
1 0.899609 0.893056 0.199219 0.211111
3 0.339453 0.421528 0.116406 0.448611
1 0.900781 0.844444 0.196875 0.202778
