2 0.915625 0.965278 0.167187 0.066667
2 0.791797 0.993750 0.028906 0.009722
1 0.266406 0.793056 0.367188 0.227778
1 0.267188 0.877778 0.365625 0.216667
2 0.821875 0.711806 0.354687 0.529167
1 0.547266 0.500694 0.138281 0.043056
4 0.548828 0.468750 0.130469 0.045833
4 0.548828 0.434028 0.130469 0.043056
4 0.549219 0.400000 0.131250 0.047222
1 0.010937 0.448611 0.021875 0.030556
2 0.064844 0.470833 0.129688 0.219444
2 0.142578 0.491667 0.186719 0.244444
2 0.063672 0.274306 0.127344 0.212500
2 0.139844 0.273611 0.185938 0.236111
1 0.092969 0.475694 0.143750 0.045833
1 0.092578 0.501389 0.152344 0.033333
1 0.008594 0.504167 0.017188 0.027778
1 0.253906 0.472222 0.103125 0.025000
5 0.448047 0.410417 0.080469 0.168056
0 0.791797 0.174306 0.032031 0.043056
0 0.766406 0.363889 0.065625 0.072222
1 0.260937 0.466667 0.157812 0.052778
3 0.936328 0.424306 0.125781 0.373611
1 0.260156 0.439583 0.156250 0.043056
