2 0.288672 0.390972 0.003906 0.018056
3 0.410156 0.286111 0.150000 0.050000
2 0.887500 0.543750 0.193750 0.284722
2 0.715625 0.557639 0.195312 0.295833
2 0.514844 0.589583 0.207813 0.193056
2 0.455078 0.415278 0.314844 0.408333
2 0.749609 0.568056 0.399219 0.408333
2 0.944531 0.576389 0.109375 0.430556
2 0.753516 0.203472 0.394531 0.406944
2 0.944922 0.196528 0.108594 0.393056
2 0.284766 0.550000 0.253906 0.297222
2 0.902734 0.508333 0.163281 0.161111
2 0.759766 0.507639 0.155469 0.151389
1 0.143359 0.746528 0.286719 0.162500
1 0.143359 0.435417 0.286719 0.168056
1 0.143359 0.590972 0.286719 0.154167
2 0.835547 0.573611 0.297656 0.363889
2 0.589844 0.420833 0.276562 0.311111
2 0.405469 0.425000 0.229687 0.286111
