3 0.267578 0.746528 0.535156 0.504167
2 0.454688 0.494444 0.120313 0.141667
2 0.507031 0.585417 0.143750 0.237500
2 0.571484 0.679861 0.174219 0.320833
2 0.103906 0.421528 0.104688 0.162500
2 0.100000 0.489583 0.112500 0.223611
0 0.255469 0.238889 0.037500 0.044444
2 0.410938 0.415972 0.103125 0.184722
2 0.717578 0.488194 0.155469 0.237500
2 0.637891 0.511111 0.127344 0.208333
2 0.584375 0.473611 0.110937 0.144444
2 0.585938 0.322222 0.112500 0.163889
2 0.805078 0.636111 0.186719 0.291667
2 0.133203 0.663194 0.069531 0.229167
2 0.132812 0.747917 0.068750 0.351389
1 0.881250 0.478472 0.134375 0.056944
2 0.947266 0.525694 0.103906 0.212500
2 0.997266 0.601389 0.003906 0.033333
2 0.948047 0.357639 0.102344 0.201389
2 0.506250 0.443056 0.087500 0.119444
2 0.550391 0.515278 0.124219 0.188889
2 0.551172 0.356944 0.125781 0.200000
2 0.614453 0.581944 0.147656 0.255556
2 0.692578 0.656944 0.188281 0.305556
1 0.957812 0.506944 0.082812 0.058333
1 0.957422 0.537500 0.083594 0.036111
1 0.873047 0.511111 0.047656 0.033333
