1 0.946875 0.966667 0.104688 0.063889
2 0.242969 0.597222 0.126562 0.205556
2 0.211719 0.621528 0.157812 0.287500
2 0.157812 0.636111 0.225000 0.366667
0 0.125000 0.343056 0.046875 0.025000
2 0.260937 0.518056 0.114062 0.197222
2 0.528906 0.500694 0.146875 0.279167
2 0.512109 0.615278 0.102344 0.219444
2 0.503125 0.623611 0.084375 0.158333
2 0.490234 0.396528 0.107031 0.159722
2 0.563281 0.632639 0.187500 0.351389
1 0.822656 0.604861 0.068750 0.034722
2 0.926562 0.616667 0.145313 0.263889
2 0.970703 0.621528 0.057031 0.279167
2 0.973828 0.354167 0.050781 0.277778
2 0.377344 0.600694 0.103125 0.193056
2 0.373828 0.391667 0.122656 0.238889
2 0.372656 0.606250 0.132812 0.237500
2 0.364453 0.634028 0.192969 0.359722
