1 0.696094 0.988194 0.173437 0.020833
2 0.945703 0.868056 0.107031 0.261111
1 0.434375 0.729861 0.121875 0.048611
2 0.049219 0.770833 0.098437 0.241667
2 0.154688 0.786111 0.200000 0.263889
2 0.048828 0.567361 0.097656 0.223611
1 0.028516 0.749306 0.057031 0.048611
1 0.029297 0.779167 0.057031 0.044444
1 0.200000 0.742361 0.098437 0.034722
5 0.318750 0.667361 0.056250 0.129167
0 0.677734 0.445833 0.030469 0.036111
0 0.684375 0.622222 0.026562 0.030556
1 0.235156 0.742361 0.173437 0.065278
3 0.891406 0.622917 0.215625 0.390278
1 0.233984 0.715278 0.166406 0.050000
