1 0.773828 0.775000 0.238281 0.197222
1 0.770703 0.821528 0.221094 0.190278
2 0.869531 0.570833 0.220312 0.286111
1 0.161328 0.467361 0.086719 0.054167
2 0.030078 0.838194 0.060156 0.320833
2 0.055469 0.603472 0.110937 0.295833
2 0.050391 0.368750 0.100781 0.284722
2 0.011719 0.904167 0.023438 0.188889
5 0.014063 0.348611 0.028125 0.091667
0 0.405859 0.327083 0.016406 0.029167
0 0.397656 0.156944 0.031250 0.036111
1 0.062500 0.535417 0.125000 0.087500
3 0.636328 0.306250 0.246094 0.343056
1 0.059766 0.502778 0.119531 0.077778
