2 0.333594 0.611806 0.068750 0.151389
2 0.259375 0.613194 0.142187 0.145833
2 0.144531 0.669444 0.164062 0.219444
2 0.278516 0.505556 0.103906 0.127778
2 0.174219 0.522917 0.121875 0.145833
0 0.405078 0.382639 0.030469 0.018056
2 0.448828 0.521528 0.111719 0.137500
2 0.405859 0.591667 0.152344 0.208333
2 0.505078 0.635417 0.135156 0.193056
2 0.572266 0.611806 0.117969 0.170833
2 0.574609 0.468750 0.122656 0.159722
2 0.299219 0.704861 0.179688 0.245833
2 0.077734 0.597222 0.130469 0.163889
2 0.021094 0.609028 0.042188 0.159722
2 0.673828 0.670833 0.099219 0.155556
2 0.607812 0.686806 0.184375 0.120833
2 0.514844 0.588194 0.109375 0.145833
2 0.432422 0.621528 0.125781 0.170833
2 0.430469 0.465278 0.129688 0.150000
2 0.332422 0.655556 0.147656 0.177778
2 0.217969 0.688194 0.170313 0.234722
1 0.926172 0.783333 0.132031 0.077778
1 0.901953 0.749306 0.080469 0.020833
1 0.850391 0.790972 0.022656 0.026389
3 0.499609 0.807639 0.999219 0.381944
1 0.839844 0.769444 0.043750 0.055556
