2 0.085156 0.626389 0.135937 0.177778
2 0.198047 0.597917 0.124219 0.165278
2 0.080859 0.479861 0.136719 0.179167
2 0.194141 0.461111 0.127344 0.166667
1 0.333594 0.619444 0.109375 0.058333
2 0.523047 0.520833 0.113281 0.163889
3 0.566016 0.556250 0.219531 0.370833
1 0.317969 0.710417 0.112500 0.087500
1 0.318359 0.737500 0.111719 0.088889
1 0.122266 0.784722 0.164844 0.108333
1 0.143359 0.825000 0.114844 0.086111
2 0.991406 0.945833 0.015625 0.016667
2 0.862891 0.894444 0.242969 0.208333
2 0.698047 0.856250 0.205469 0.284722
2 0.653516 0.892361 0.285156 0.212500
2 0.486719 0.900000 0.228125 0.197222
2 0.925391 0.731944 0.147656 0.230556
2 0.047266 0.848611 0.094531 0.300000
2 0.931641 0.838889 0.135156 0.319444
2 0.773047 0.921528 0.264844 0.154167
2 0.598047 0.876389 0.216406 0.244444
