1 0.860156 0.386111 0.125000 0.075000
2 0.095703 0.843056 0.191406 0.311111
2 0.266016 0.895833 0.388281 0.205556
2 0.282813 0.588889 0.260937 0.400000
2 0.080469 0.618750 0.160938 0.248611
2 0.012500 0.468750 0.025000 0.062500
2 0.104688 0.381250 0.209375 0.337500
2 0.496484 0.778472 0.275781 0.440278
1 0.358203 0.431944 0.161719 0.052778
2 0.501953 0.468056 0.180469 0.272222
2 0.672656 0.513194 0.192188 0.298611
2 0.053516 0.742361 0.107031 0.362500
2 0.051172 0.450694 0.102344 0.365278
2 0.169531 0.774306 0.296875 0.393056
2 0.403516 0.827778 0.321094 0.341667
1 0.469141 0.397222 0.074219 0.086111
1 0.458203 0.427083 0.096094 0.079167
1 0.460547 0.455556 0.100781 0.083333
1 0.606250 0.390972 0.065625 0.040278
5 0.728125 0.252778 0.067187 0.113889
1 0.716797 0.456250 0.161719 0.076389
1 0.717578 0.429167 0.161719 0.066667
