1 0.019922 0.506944 0.039844 0.077778
1 0.015234 0.436111 0.030469 0.061111
1 0.016406 0.470139 0.032813 0.065278
1 0.100391 0.563889 0.200781 0.102778
1 0.101172 0.602778 0.202344 0.097222
1 0.099609 0.637500 0.199219 0.091667
1 0.221484 0.563194 0.044531 0.084722
1 0.149219 0.498611 0.184375 0.080556
1 0.164062 0.531250 0.156250 0.081944
1 0.353516 0.919444 0.044531 0.158333
5 0.610156 0.727778 0.035937 0.227778
0 0.511719 0.943056 0.131250 0.111111
1 0.004297 0.754861 0.008594 0.065278
1 0.000391 0.720833 0.000781 0.013889
