1 0.245703 0.759028 0.491406 0.129167
1 0.245703 0.868056 0.491406 0.166667
2 0.866406 0.652778 0.265625 0.527778
1 0.508594 0.739583 0.034375 0.031944
4 0.488672 0.703472 0.071094 0.040278
4 0.489063 0.664583 0.070312 0.037500
4 0.451953 0.629861 0.144531 0.040278
2 0.057422 0.647222 0.114844 0.261111
2 0.059375 0.396528 0.118750 0.301389
5 0.333984 0.653472 0.067969 0.084722
0 0.720703 0.363194 0.041406 0.045833
0 0.697656 0.566667 0.075000 0.075000
1 0.135937 0.661806 0.193750 0.037500
3 0.978516 0.338889 0.041406 0.127778
1 0.136328 0.624306 0.191406 0.040278
