2 0.322266 0.834028 0.282031 0.329167
2 0.073438 0.911111 0.146875 0.175000
2 0.071484 0.720139 0.142969 0.426389
2 0.503125 0.900694 0.037500 0.195833
1 0.128125 0.736806 0.164062 0.084722
1 0.128906 0.663889 0.170313 0.086111
1 0.129688 0.698611 0.170313 0.091667
2 0.318750 0.661111 0.176563 0.091667
2 0.522656 0.706944 0.176563 0.244444
2 0.316406 0.511806 0.181250 0.268056
2 0.522656 0.503472 0.179688 0.262500
2 0.096875 0.976389 0.023438 0.044444
2 0.052734 0.789583 0.105469 0.418056
2 0.309766 0.886111 0.347656 0.225000
2 0.694922 0.875694 0.347656 0.245833
1 0.221875 0.644444 0.018750 0.086111
1 0.223828 0.665972 0.016406 0.068056
1 0.227344 0.684028 0.010937 0.045833
1 0.193750 0.741667 0.076563 0.102778
1 0.012891 0.718750 0.019531 0.026389
1 0.016016 0.719444 0.013281 0.025000
1 0.299609 0.637500 0.119531 0.036111
5 0.379297 0.515972 0.036719 0.095833
0 0.749609 0.293750 0.032031 0.034722
0 0.746875 0.375694 0.031250 0.029167
0 0.710938 0.377083 0.037500 0.026389
0 0.709766 0.521528 0.036719 0.029167
1 0.504297 0.656944 0.147656 0.052778
3 0.923828 0.439583 0.150781 0.329167
1 0.504297 0.618750 0.153906 0.070833
