2 0.532031 0.850694 0.603125 0.295833
1 0.791016 0.758333 0.163281 0.061111
4 0.792578 0.716667 0.164844 0.066667
4 0.792578 0.673611 0.164844 0.061111
4 0.792578 0.631250 0.164844 0.062500
1 0.166016 0.649306 0.105469 0.040278
2 0.192188 0.663889 0.137500 0.205556
2 0.234375 0.707639 0.151562 0.273611
2 0.197266 0.464583 0.127344 0.212500
1 0.267578 0.710417 0.074219 0.031944
1 0.255859 0.706250 0.097656 0.034722
1 0.576172 0.727083 0.141406 0.054167
5 0.696484 0.639583 0.099219 0.201389
0 0.991797 0.477778 0.014844 0.038889
0 0.992969 0.736111 0.012500 0.044444
1 0.386719 0.689583 0.148438 0.054167
1 0.389062 0.653472 0.156250 0.056944
