1 0.873047 0.926389 0.252344 0.144444
2 0.864062 0.722917 0.206250 0.273611
1 0.079297 0.720833 0.003906 0.025000
4 0.074219 0.706944 0.015625 0.002778
2 0.139844 0.917361 0.279687 0.162500
2 0.050391 0.833333 0.100781 0.311111
2 0.048047 0.548611 0.096094 0.319444
2 0.221094 0.974306 0.231250 0.048611
0 0.291406 0.373611 0.032813 0.036111
0 0.291406 0.467361 0.034375 0.029167
0 0.250391 0.469444 0.042969 0.027778
0 0.253125 0.636111 0.042188 0.033333
1 0.021094 0.777083 0.042188 0.065278
3 0.531250 0.526389 0.245312 0.341667
1 0.034766 0.738194 0.069531 0.059722
