2 0.415625 0.702778 0.287500 0.455556
2 0.169141 0.811111 0.338281 0.363889
2 0.275391 0.288889 0.202344 0.297222
2 0.089453 0.388889 0.178906 0.363889
0 0.515234 0.070139 0.061719 0.054167
2 0.608984 0.419444 0.246094 0.327778
2 0.532422 0.852083 0.503906 0.293056
2 0.783984 0.820139 0.344531 0.356944
2 0.885938 0.747917 0.226562 0.501389
2 0.754297 0.676389 0.263281 0.413889
2 0.585156 0.813194 0.317188 0.370833
2 0.772266 0.366667 0.267969 0.441667
2 0.590234 0.518750 0.339844 0.576389
2 0.307422 0.788889 0.447656 0.419444
2 0.078906 0.913889 0.157812 0.169444
