1 0.040625 0.928472 0.081250 0.140278
1 0.087891 0.997917 0.013281 0.001389
1 0.792188 0.890972 0.414062 0.215278
2 0.143359 0.384722 0.166406 0.297222
2 0.141406 0.555556 0.085938 0.108333
2 0.123438 0.518056 0.040625 0.030556
2 0.195703 0.534028 0.221094 0.365278
1 0.467578 0.479167 0.136719 0.036111
2 0.546484 0.494444 0.180469 0.241667
2 0.660156 0.509722 0.214062 0.288889
2 0.550781 0.262500 0.173437 0.250000
2 0.657031 0.233333 0.223438 0.300000
2 0.017969 0.238889 0.035937 0.219444
2 0.025391 0.375694 0.050781 0.001389
2 0.043359 0.536111 0.086719 0.377778
1 0.602344 0.524306 0.139063 0.037500
1 0.604297 0.546528 0.142969 0.018056
1 0.496875 0.546528 0.029687 0.023611
1 0.934375 0.559722 0.129688 0.050000
5 0.996094 0.414583 0.006250 0.090278
1 0.798438 0.498611 0.201563 0.047222
1 0.798438 0.459722 0.200000 0.041667
