2 0.006250 0.546528 0.012500 0.098611
2 0.018359 0.791667 0.036719 0.413889
2 0.035547 0.878472 0.071094 0.240278
2 0.392188 0.620139 0.268750 0.501389
2 0.295703 0.616667 0.194531 0.313889
2 0.240625 0.549306 0.150000 0.187500
2 0.288281 0.338194 0.206250 0.345833
2 0.230078 0.275694 0.167969 0.256944
2 0.534375 0.811806 0.365625 0.373611
1 0.706641 0.518056 0.188281 0.102778
1 0.708203 0.444444 0.189844 0.088889
1 0.707422 0.480556 0.189844 0.097222
2 0.856250 0.611111 0.257812 0.388889
2 0.946484 0.700000 0.105469 0.358333
2 0.956641 0.372222 0.085156 0.358333
2 0.087891 0.547222 0.160156 0.313889
2 0.123438 0.643056 0.193750 0.355556
2 0.114844 0.359722 0.206250 0.375000
2 0.170703 0.671528 0.261719 0.554167
2 0.261719 0.749306 0.367188 0.498611
1 0.851562 0.584028 0.182812 0.101389
1 0.761328 0.536806 0.163281 0.068056
1 0.823047 0.475000 0.044531 0.038889
1 0.822266 0.499306 0.044531 0.059722
