4 0.709375 0.643750 0.001563 0.001389
2 0.473438 0.673611 0.512500 0.413889
2 0.086328 0.848611 0.172656 0.300000
2 0.860156 0.859722 0.226562 0.277778
1 0.200000 0.738194 0.215625 0.084722
1 0.187109 0.636111 0.250781 0.077778
1 0.187891 0.686111 0.250781 0.086111
2 0.447656 0.661111 0.243750 0.183333
2 0.730469 0.743056 0.259375 0.350000
2 0.448437 0.433333 0.245312 0.338889
2 0.033203 0.900694 0.066406 0.195833
2 0.031250 0.440972 0.062500 0.812500
2 0.457031 0.742361 0.800000 0.512500
2 0.919531 0.741667 0.159375 0.513889
1 0.215625 0.800694 0.090625 0.093056
1 0.121484 0.827778 0.057031 0.047222
1 0.099609 0.786806 0.011719 0.037500
1 0.623047 0.704167 0.108594 0.030556
5 0.517969 0.583333 0.037500 0.100000
0 0.972656 0.329861 0.031250 0.040278
0 0.945703 0.511111 0.050781 0.066667
1 0.689844 0.686806 0.204687 0.068056
1 0.690625 0.645139 0.204687 0.062500
