2 0.526953 0.867361 0.025781 0.048611
2 0.438281 0.818750 0.171875 0.254167
2 0.310156 0.856250 0.206250 0.284722
2 0.397266 0.654861 0.119531 0.145833
2 0.285938 0.676389 0.140625 0.175000
0 0.551562 0.509722 0.037500 0.022222
2 0.625781 0.625694 0.126562 0.070833
2 0.662891 0.758333 0.191406 0.275000
2 0.746484 0.815972 0.150781 0.243056
2 0.807813 0.782639 0.140625 0.215278
2 0.749219 0.612500 0.160938 0.219444
2 0.553516 0.869444 0.219531 0.258333
2 0.178125 0.768056 0.156250 0.205556
2 0.071094 0.797222 0.142187 0.233333
2 0.994531 0.925000 0.009375 0.147222
2 0.994141 0.670139 0.010156 0.365278
2 0.733594 0.759028 0.093750 0.184722
2 0.641016 0.804167 0.149219 0.216667
2 0.713281 0.592361 0.134375 0.156944
2 0.640234 0.594444 0.150781 0.180556
2 0.544531 0.740972 0.179688 0.254167
2 0.423828 0.779167 0.221094 0.302778
