2 0.224219 0.506250 0.031250 0.073611
2 0.219141 0.511111 0.021094 0.063889
2 0.060937 0.634028 0.121875 0.220833
2 0.152344 0.414583 0.115625 0.104167
2 0.053125 0.450000 0.106250 0.150000
0 0.287500 0.300694 0.032813 0.020833
2 0.340234 0.413194 0.114844 0.079167
2 0.317188 0.529167 0.156250 0.222222
2 0.409766 0.568056 0.130469 0.197222
2 0.478516 0.533333 0.105469 0.166667
2 0.408594 0.406944 0.132812 0.183333
2 0.473438 0.390972 0.117188 0.165278
2 0.211719 0.659028 0.185938 0.270833
2 0.005859 0.491667 0.011719 0.077778
1 0.635938 0.611111 0.020313 0.036111
1 0.636328 0.560417 0.016406 0.012500
1 0.635938 0.577778 0.017188 0.036111
2 0.600391 0.660417 0.092969 0.215278
2 0.556641 0.730556 0.177344 0.327778
2 0.638281 0.447917 0.154688 0.226389
2 0.431250 0.465972 0.071875 0.031944
2 0.362500 0.565972 0.064062 0.168056
2 0.409766 0.377083 0.114844 0.143056
2 0.232031 0.477083 0.156250 0.131944
2 0.116406 0.555556 0.187500 0.244444
1 0.857422 0.650694 0.094531 0.076389
1 0.848437 0.687500 0.110937 0.066667
1 0.846875 0.722222 0.107813 0.061111
1 0.910156 0.681944 0.020313 0.058333
1 0.867969 0.622917 0.107813 0.054167
1 0.867969 0.646528 0.106250 0.068056
1 0.996875 0.855556 0.004687 0.063889
1 0.722266 0.765972 0.183594 0.120833
1 0.723437 0.727778 0.171875 0.105556
