1 0.610547 0.558333 0.058594 0.050000
4 0.610938 0.521528 0.059375 0.054167
4 0.611328 0.486111 0.060156 0.050000
4 0.621875 0.431944 0.139063 0.088889
2 0.854688 0.991667 0.025000 0.013889
1 0.548438 0.970833 0.296875 0.055556
1 0.550781 0.911806 0.317188 0.173611
1 0.550391 0.940278 0.314844 0.116667
2 0.779297 0.851389 0.288281 0.294444
2 0.915234 0.831944 0.167969 0.322222
2 0.789453 0.585417 0.303906 0.443056
2 0.925781 0.518750 0.146875 0.387500
1 0.403516 0.914583 0.032031 0.168056
1 0.200781 0.994444 0.014063 0.008333
1 0.286719 0.922917 0.206250 0.151389
1 0.286719 0.945139 0.209375 0.106944
1 0.500391 0.682639 0.155469 0.081944
5 0.448047 0.422222 0.027344 0.011111
0 0.838672 0.169444 0.030469 0.041667
0 0.814063 0.325694 0.048438 0.051389
1 0.927734 0.679167 0.005469 0.019444
3 0.969141 0.315972 0.060156 0.343056
