1 0.472656 0.914583 0.476562 0.168056
1 0.878516 0.602778 0.160156 0.050000
4 0.882031 0.564583 0.160938 0.054167
4 0.882422 0.525000 0.161719 0.050000
4 0.882422 0.486111 0.161719 0.050000
2 0.005859 0.381250 0.011719 0.112500
2 0.033203 0.595139 0.066406 0.315278
1 0.261328 0.515972 0.135156 0.040278
1 0.260547 0.458333 0.127344 0.033333
1 0.260937 0.487500 0.126562 0.036111
2 0.325781 0.538194 0.159375 0.223611
2 0.417969 0.559722 0.182812 0.258333
2 0.328516 0.328472 0.153906 0.220833
2 0.417578 0.316667 0.183594 0.258333
1 0.383594 0.554167 0.145313 0.044444
1 0.383203 0.580556 0.142969 0.027778
1 0.314063 0.573611 0.090625 0.030556
1 0.328125 0.521528 0.118750 0.029167
1 0.282813 0.546528 0.028125 0.026389
1 0.593359 0.567361 0.136719 0.031944
5 0.762500 0.520833 0.071875 0.144444
1 0.545703 0.543056 0.177344 0.050000
1 0.545703 0.508333 0.167969 0.044444
