2 0.045312 0.781250 0.090625 0.434722
2 0.133203 0.829167 0.266406 0.338889
2 0.359375 0.525000 0.289062 0.397222
2 0.091797 0.384028 0.117969 0.023611
2 0.213672 0.268056 0.236719 0.236111
2 0.559766 0.763889 0.372656 0.469444
1 0.589453 0.486806 0.178906 0.079167
1 0.592187 0.418056 0.184375 0.066667
1 0.592187 0.450694 0.184375 0.079167
2 0.738281 0.548611 0.237500 0.319444
2 0.901563 0.618750 0.195312 0.398611
2 0.747266 0.295139 0.238281 0.293056
2 0.013281 0.523611 0.026562 0.272222
2 0.042578 0.682639 0.085156 0.345833
2 0.082812 0.331944 0.165625 0.361111
2 0.166406 0.607639 0.304688 0.520833
2 0.344141 0.700694 0.422656 0.595833
1 0.724609 0.480556 0.132031 0.080556
1 0.710938 0.517361 0.157812 0.070833
1 0.705469 0.548611 0.178125 0.075000
1 0.575781 0.526389 0.081250 0.050000
1 0.672266 0.444444 0.038281 0.019444
1 0.585938 0.495139 0.054688 0.023611
1 0.909375 0.514583 0.029687 0.034722
1 0.959766 0.540278 0.078906 0.069444
1 0.960938 0.506944 0.076563 0.052778
