1 0.439844 0.825694 0.275000 0.265278
2 0.864844 0.630556 0.268750 0.452778
1 0.465625 0.342361 0.125000 0.054167
2 0.045703 0.365972 0.091406 0.237500
2 0.120703 0.393056 0.197656 0.261111
1 0.047266 0.350000 0.094531 0.066667
1 0.048828 0.377778 0.088281 0.055556
1 0.145313 0.320139 0.067187 0.020833
5 0.358984 0.254167 0.077344 0.169444
0 0.711328 0.243056 0.021094 0.033333
0 0.708203 0.052083 0.027344 0.040278
1 0.224609 0.354861 0.163281 0.065278
3 0.895703 0.259028 0.207031 0.431944
1 0.221875 0.328472 0.159375 0.051389
