3 0.066797 0.239583 0.133594 0.470833
1 0.167187 0.637500 0.334375 0.366667
1 0.168359 0.715972 0.336719 0.326389
1 0.642578 0.836806 0.453906 0.323611
1 0.636719 0.903472 0.409375 0.190278
2 0.655859 0.043056 0.032031 0.086111
2 0.632422 0.111806 0.183594 0.223611
2 0.950000 0.047222 0.098437 0.094444
2 0.972656 0.089583 0.009375 0.009722
2 0.901953 0.176389 0.194531 0.352778
2 0.416406 0.000694 0.010937 0.001389
2 0.330469 0.033333 0.143750 0.066667
2 0.918750 0.042361 0.057813 0.084722
2 0.903516 0.036111 0.071094 0.072222
2 0.771094 0.087500 0.206250 0.175000
