3 0.138281 0.808333 0.276562 0.380556
2 0.637109 0.357639 0.132031 0.262500
2 0.665625 0.460417 0.160938 0.312500
2 0.709375 0.606250 0.187500 0.404167
2 0.280078 0.196528 0.111719 0.209722
2 0.248828 0.286111 0.147656 0.269444
0 0.459375 0.005556 0.040625 0.011111
2 0.619531 0.203472 0.104688 0.220833
2 0.931250 0.352083 0.135937 0.293056
2 0.849609 0.223611 0.092969 0.002778
2 0.826953 0.202778 0.127344 0.044444
2 0.834375 0.104861 0.137500 0.204167
2 0.960156 0.596528 0.078125 0.395833
2 0.197266 0.469444 0.166406 0.322222
2 0.185547 0.570139 0.147656 0.326389
2 0.721875 0.282639 0.110937 0.212500
2 0.734766 0.356944 0.107031 0.263889
2 0.725000 0.104861 0.123438 0.209722
2 0.816797 0.364583 0.172656 0.315278
2 0.881641 0.488889 0.235156 0.394444
