2 0.517188 0.179861 0.131250 0.176389
2 0.628906 0.165972 0.129688 0.170833
2 0.517578 0.057639 0.132031 0.115278
2 0.630078 0.052083 0.130469 0.104167
1 0.766797 0.210417 0.121094 0.054167
2 0.960156 0.115972 0.078125 0.190278
3 0.959766 0.290972 0.078906 0.137500
1 0.769141 0.295833 0.132031 0.086111
1 0.767969 0.324306 0.131250 0.087500
1 0.572656 0.373611 0.153125 0.097222
2 0.335156 0.270139 0.132812 0.248611
2 0.935547 0.613889 0.127344 0.413889
2 0.487891 0.920139 0.072656 0.156944
2 0.482812 0.763889 0.270313 0.469444
2 0.698438 0.659722 0.503125 0.677778
1 0.217578 0.970833 0.258594 0.055556
1 0.218359 0.934722 0.236719 0.127778
