2 0.461328 0.329167 0.110156 0.094444
2 0.585156 0.327778 0.126562 0.091667
2 0.585938 0.213889 0.128125 0.169444
2 0.938281 0.335417 0.057813 0.062500
3 0.969531 0.240972 0.059375 0.251389
1 0.293750 0.504167 0.021875 0.066667
1 0.292969 0.544444 0.018750 0.058333
2 0.183203 0.422917 0.133594 0.226389
2 0.910547 0.590972 0.172656 0.062500
2 0.587109 0.602778 0.347656 0.069444
2 0.661328 0.445833 0.675781 0.458333
2 0.628906 0.705556 0.740625 0.586111
2 0.939453 0.416667 0.119531 0.405556
2 0.789844 0.594444 0.128125 0.058333
