1 0.979688 0.484028 0.039062 0.079167
1 0.980859 0.554861 0.036719 0.073611
1 0.975781 0.627083 0.046875 0.076389
1 0.201172 0.665972 0.149219 0.029167
4 0.205469 0.623611 0.146875 0.044444
4 0.209375 0.582639 0.140625 0.045833
4 0.215234 0.545833 0.128906 0.050000
2 0.062891 0.514583 0.125781 0.376389
2 0.064844 0.190278 0.129688 0.380556
5 0.031250 0.634028 0.062500 0.095833
0 0.515625 0.306944 0.025000 0.038889
0 0.515234 0.411806 0.032031 0.029167
0 0.468359 0.411111 0.042969 0.027778
0 0.470313 0.602083 0.043750 0.029167
1 0.076953 0.542361 0.153906 0.054167
3 0.811328 0.475694 0.302344 0.412500
1 0.080469 0.495833 0.160938 0.066667
