1 0.195703 0.881944 0.291406 0.233333
1 0.174219 0.824306 0.348438 0.348611
1 0.320312 0.922917 0.045312 0.151389
1 0.335156 0.969444 0.015625 0.058333
1 0.828516 0.813194 0.341406 0.231944
1 0.833594 0.709028 0.331250 0.218056
1 0.835547 0.900000 0.327344 0.197222
1 0.829297 0.931250 0.339844 0.134722
1 0.679688 0.971528 0.042188 0.054167
2 0.198828 0.504167 0.110156 0.216667
2 0.177734 0.536111 0.135156 0.241667
2 0.148438 0.589583 0.167187 0.295833
0 0.075000 0.215278 0.043750 0.044444
2 0.212891 0.390278 0.094531 0.161111
2 0.453125 0.445139 0.135937 0.243056
2 0.426172 0.492361 0.103906 0.201389
2 0.412109 0.460417 0.091406 0.162500
2 0.411719 0.305556 0.092188 0.169444
2 0.478906 0.588194 0.162500 0.309722
1 0.735547 0.480556 0.127344 0.050000
2 0.804688 0.508333 0.157812 0.213889
2 0.889844 0.518750 0.207813 0.190278
2 0.315625 0.462500 0.085938 0.166667
2 0.317188 0.491667 0.100000 0.197222
2 0.314063 0.305556 0.087500 0.169444
2 0.316797 0.529861 0.117969 0.234722
2 0.317969 0.592361 0.148438 0.309722
1 0.864453 0.446528 0.146094 0.031944
1 0.862500 0.412500 0.150000 0.036111
1 0.864062 0.470833 0.146875 0.038889
1 0.872656 0.502778 0.137500 0.036111
1 0.858984 0.524306 0.155469 0.040278
1 0.854297 0.552083 0.122656 0.045833
1 0.761328 0.536111 0.039844 0.036111
1 0.967187 0.544444 0.064062 0.063889
1 0.969922 0.508333 0.058594 0.055556
