3 0.054297 0.248611 0.108594 0.433333
1 0.076953 0.323611 0.055469 0.047222
1 0.078125 0.370833 0.048438 0.041667
1 0.076563 0.413194 0.053125 0.048611
1 0.079297 0.458333 0.049219 0.050000
2 0.335156 0.357639 0.465625 0.659722
2 0.797656 0.339583 0.078125 0.118056
2 0.745703 0.278472 0.014844 0.001389
2 0.602734 0.315278 0.030469 0.100000
2 0.651172 0.261111 0.100781 0.030556
2 0.601172 0.297917 0.028906 0.115278
0 0.782031 0.174306 0.023438 0.020833
2 0.855078 0.363889 0.102344 0.013889
2 0.864062 0.274306 0.156250 0.204167
2 0.936719 0.361111 0.125000 0.183333
2 0.969922 0.363194 0.058594 0.156944
2 0.938672 0.188889 0.121094 0.194444
2 0.971094 0.206944 0.056250 0.169444
2 0.775781 0.361111 0.178125 0.225000
2 0.926562 0.361806 0.123438 0.148611
2 0.858203 0.399306 0.125781 0.084722
2 0.858594 0.153472 0.132812 0.090278
2 0.775781 0.361806 0.135937 0.179167
2 0.677734 0.361111 0.163281 0.205556
