2 0.617188 0.406944 0.365625 0.427778
2 0.184375 0.349306 0.368750 0.454167
2 0.002734 0.162500 0.005469 0.077778
2 0.428125 0.079861 0.012500 0.159722
2 0.946484 0.230556 0.105469 0.461111
2 0.153516 0.532639 0.307031 0.931944
2 0.713672 0.684028 0.571094 0.629167
2 0.986328 0.779167 0.025781 0.436111
2 0.304688 0.137500 0.217188 0.275000
2 0.102344 0.100694 0.204687 0.201389
2 0.955859 0.490972 0.086719 0.551389
2 0.681250 0.606250 0.495312 0.606944
2 0.693750 0.174306 0.520312 0.348611
2 0.179297 0.577778 0.358594 0.719444
