1 0.530859 0.762500 0.003906 0.027778
4 0.530078 0.730556 0.002344 0.033333
4 0.530859 0.697917 0.000781 0.031944
4 0.530859 0.667361 0.000781 0.031944
2 0.378125 0.997222 0.046875 0.002778
2 0.671484 0.984722 0.413281 0.027778
2 0.219531 0.827083 0.320312 0.343056
2 0.014844 0.909722 0.029687 0.177778
2 0.564453 0.897222 0.307031 0.202778
1 0.068750 0.831944 0.137500 0.077778
2 0.246094 0.813194 0.192188 0.251389
2 0.470313 0.823611 0.182812 0.280556
2 0.192188 0.939583 0.384375 0.118056
2 0.627344 0.930556 0.387500 0.136111
1 0.091797 0.830556 0.119531 0.061111
1 0.065625 0.883333 0.075000 0.075000
1 0.006250 0.896528 0.012500 0.012500
5 0.338281 0.687500 0.042188 0.180556
0 0.710938 0.463194 0.023438 0.031944
0 0.690625 0.613889 0.050000 0.058333
1 0.458203 0.776389 0.144531 0.058333
3 0.908984 0.611806 0.180469 0.329167
1 0.458203 0.750000 0.144531 0.041667
