1 0.725000 0.911806 0.168750 0.040278
4 0.727344 0.867361 0.167187 0.048611
4 0.726953 0.821528 0.166406 0.045833
4 0.726172 0.779861 0.166406 0.048611
1 0.039453 0.812500 0.078906 0.041667
2 0.129297 0.813889 0.258594 0.327778
2 0.324219 0.811806 0.290625 0.373611
1 0.127344 0.918750 0.200000 0.048611
1 0.062109 0.918056 0.069531 0.041667
1 0.517578 0.897222 0.182031 0.038889
5 0.580078 0.831250 0.064844 0.181944
0 0.994531 0.606944 0.009375 0.033333
1 0.446875 0.814583 0.232813 0.045833
1 0.447656 0.765972 0.245312 0.056944
