2 0.958984 0.903472 0.080469 0.190278
1 0.387500 0.661806 0.100000 0.054167
4 0.388672 0.631250 0.100781 0.059722
4 0.387891 0.599306 0.102344 0.056944
4 0.387109 0.566667 0.102344 0.063889
2 0.005859 0.992361 0.011719 0.012500
2 0.030078 0.820139 0.060156 0.281944
2 0.131250 0.834028 0.218750 0.304167
2 0.026953 0.588194 0.053906 0.243056
1 0.313672 0.701389 0.053906 0.066667
0 0.634766 0.550000 0.021094 0.033333
0 0.630078 0.373611 0.021094 0.038889
1 0.200391 0.754167 0.182031 0.086111
3 0.869141 0.563194 0.260156 0.390278
1 0.199609 0.722222 0.175781 0.077778
