3 0.019922 0.346528 0.039844 0.237500
2 0.802344 0.488889 0.118750 0.108333
2 0.841016 0.395139 0.146094 0.093056
0 0.979297 0.234028 0.005469 0.004167
2 0.944141 0.404861 0.103906 0.137500
2 0.697656 0.433333 0.096875 0.219444
2 0.878906 0.495833 0.240625 0.091667
2 0.989062 0.463889 0.020313 0.027778
2 0.989453 0.313194 0.019531 0.279167
2 0.264453 0.454167 0.019531 0.002778
2 0.821875 0.525000 0.354687 0.038889
2 0.970313 0.459722 0.057813 0.036111
2 0.843359 0.493056 0.200781 0.100000
2 0.971094 0.318750 0.056250 0.254167
2 0.832031 0.315278 0.231250 0.269444
2 0.266797 0.449306 0.014844 0.009722
