2 0.982812 0.763194 0.032813 0.181944
1 0.838281 0.895833 0.165625 0.100000
1 0.837891 0.933333 0.164844 0.088889
2 0.745703 0.769444 0.128906 0.202778
1 0.026953 0.879861 0.053906 0.031944
4 0.026562 0.846528 0.053125 0.043056
4 0.028906 0.815972 0.051562 0.051389
4 0.026953 0.768750 0.052344 0.070833
2 0.539062 0.962500 0.198437 0.072222
2 0.198828 0.925000 0.397656 0.147222
2 0.689063 0.975694 0.151562 0.045833
2 0.115625 0.969444 0.153125 0.058333
2 0.255078 0.913194 0.221094 0.170833
2 0.095703 0.823611 0.191406 0.347222
2 0.458203 0.963194 0.294531 0.070833
0 0.220703 0.515972 0.025781 0.034722
0 0.203516 0.667361 0.053906 0.068056
1 0.162891 0.954167 0.180469 0.088889
3 0.404687 0.629861 0.184375 0.312500
1 0.184375 0.927083 0.135937 0.090278
