2 0.707031 0.469444 0.096875 0.202778
2 0.635938 0.490278 0.193750 0.244444
2 0.506250 0.533333 0.239063 0.319444
2 0.547266 0.370139 0.132031 0.165278
2 0.433203 0.375694 0.153906 0.187500
0 0.721875 0.200694 0.043750 0.026389
2 0.818359 0.361111 0.147656 0.166667
2 0.908984 0.403472 0.180469 0.315278
2 0.954297 0.495833 0.089844 0.252778
2 0.986328 0.462500 0.025781 0.191667
2 0.956250 0.246528 0.085938 0.254167
2 0.985938 0.263889 0.026562 0.208333
2 0.826953 0.577778 0.260156 0.394444
2 0.320703 0.468056 0.169531 0.211111
2 0.196484 0.485417 0.186719 0.240278
2 0.940234 0.457639 0.117969 0.187500
2 0.869141 0.491667 0.142969 0.250000
2 0.925781 0.263194 0.146875 0.206944
2 0.772266 0.506944 0.202344 0.269444
2 0.639844 0.554167 0.231250 0.355556
