3 0.148828 0.906250 0.253906 0.184722
1 0.965625 0.684722 0.067187 0.044444
4 0.967578 0.654861 0.063281 0.048611
4 0.967969 0.624306 0.062500 0.045833
4 0.968359 0.589583 0.061719 0.056944
2 0.061719 0.765972 0.123438 0.279167
2 0.116797 0.802083 0.185156 0.251389
2 0.205078 0.866667 0.216406 0.263889
2 0.025000 0.618056 0.050000 0.211111
2 0.348828 0.662500 0.172656 0.238889
2 0.162891 0.588889 0.077344 0.063889
2 0.256250 0.513889 0.153125 0.186111
2 0.453906 0.826389 0.189062 0.319444
1 0.478125 0.631250 0.087500 0.059722
1 0.498437 0.586111 0.123438 0.047222
1 0.479297 0.607639 0.085156 0.054167
2 0.592969 0.672917 0.145313 0.206944
2 0.705859 0.713889 0.169531 0.244444
2 0.592187 0.506944 0.150000 0.197222
2 0.088281 0.680556 0.131250 0.222222
2 0.147656 0.715972 0.131250 0.218056
2 0.240234 0.704167 0.172656 0.286111
2 0.341016 0.769444 0.208594 0.336111
1 0.493359 0.664583 0.053906 0.029167
1 0.485156 0.638194 0.003125 0.001389
1 0.868359 0.667361 0.022656 0.029167
5 0.887109 0.600000 0.052344 0.125000
1 0.783203 0.682639 0.155469 0.073611
1 0.783203 0.659028 0.149219 0.059722
