4 0.536719 0.525000 0.060937 0.022222
2 0.496875 0.824306 0.293750 0.348611
2 0.141406 0.906944 0.282813 0.183333
2 0.669531 0.894444 0.075000 0.208333
1 0.200781 0.760417 0.193750 0.101389
1 0.199219 0.690278 0.187500 0.077778
1 0.199609 0.723611 0.186719 0.091667
2 0.411328 0.756944 0.180469 0.280556
2 0.612500 0.737500 0.190625 0.261111
2 0.410547 0.527778 0.183594 0.269444
2 0.613672 0.520833 0.192969 0.261111
2 0.138672 0.964583 0.277344 0.068056
2 0.537500 0.866667 0.362500 0.263889
2 0.852734 0.855556 0.292969 0.286111
1 0.237500 0.739583 0.118750 0.087500
1 0.236328 0.804167 0.107031 0.052778
1 0.101953 0.815972 0.128906 0.062500
1 0.071875 0.756250 0.070312 0.037500
1 0.096484 0.783333 0.116406 0.061111
1 0.441797 0.666667 0.100781 0.055556
0 0.795703 0.500000 0.025781 0.027778
0 0.792969 0.338889 0.031250 0.033333
1 0.508984 0.684028 0.016406 0.065278
3 0.947266 0.486111 0.103906 0.316667
1 0.508594 0.651389 0.017188 0.061111
