1 0.507031 0.532639 0.050000 0.009722
4 0.473047 0.497222 0.117969 0.033333
4 0.423438 0.465972 0.018750 0.029167
4 0.423438 0.435417 0.018750 0.031944
2 0.646875 0.584722 0.642188 0.827778
2 0.917969 0.550694 0.162500 0.615278
2 0.116016 0.369444 0.232031 0.738889
2 0.716016 0.332639 0.342969 0.420833
2 0.391797 0.543750 0.335156 0.504167
2 0.089844 0.720833 0.179688 0.172222
2 0.818750 0.440278 0.040625 0.194444
1 0.300781 0.488194 0.090625 0.045833
2 0.446094 0.489583 0.204687 0.259722
2 0.632031 0.479861 0.200000 0.212500
2 0.077734 0.788889 0.155469 0.305556
2 0.474609 0.575694 0.467969 0.651389
2 0.746094 0.555556 0.189062 0.522222
1 0.276953 0.479861 0.022656 0.009722
1 0.276172 0.545833 0.041406 0.036111
1 0.275000 0.583333 0.039062 0.038889
5 0.357031 0.450000 0.026562 0.152778
0 0.683984 0.409722 0.007031 0.008333
0 0.684375 0.248611 0.031250 0.030556
1 0.512109 0.477083 0.060156 0.037500
3 0.885938 0.382639 0.179688 0.284722
1 0.565234 0.443750 0.166406 0.031944
