2 0.086719 0.371528 0.173437 0.556944
2 0.101953 0.631944 0.203906 0.380556
2 0.158984 0.654167 0.142969 0.300000
2 0.104688 0.295833 0.209375 0.425000
2 0.148828 0.384028 0.171094 0.329167
2 0.044922 0.584028 0.089844 0.579167
1 0.675391 0.638889 0.177344 0.066667
2 0.800000 0.603472 0.303125 0.481944
2 0.871484 0.529861 0.255469 0.748611
2 0.790234 0.231944 0.314844 0.463889
2 0.041797 0.699306 0.083594 0.176389
2 0.010156 0.677778 0.020313 0.133333
2 0.047656 0.297917 0.095312 0.140278
1 0.740234 0.779861 0.035156 0.034722
