1 0.805469 0.806250 0.068750 0.040278
4 0.805469 0.770139 0.065625 0.043056
4 0.806250 0.733333 0.065625 0.041667
4 0.805859 0.688194 0.066406 0.062500
2 0.211719 0.906250 0.409375 0.184722
2 0.038281 0.986111 0.064062 0.025000
2 0.033203 0.796528 0.066406 0.404167
1 0.222266 0.896528 0.219531 0.090278
1 0.221875 0.811806 0.229687 0.090278
1 0.222266 0.853472 0.228906 0.093056
2 0.427344 0.872917 0.226562 0.251389
2 0.661719 0.890972 0.221875 0.215278
2 0.662500 0.679861 0.223438 0.331944
2 0.156250 0.963889 0.312500 0.069444
2 0.428906 0.990972 0.112500 0.015278
1 0.316797 0.871528 0.155469 0.093056
1 0.316406 0.900000 0.165625 0.091667
1 0.179297 0.924306 0.119531 0.056944
1 0.166406 0.902083 0.042188 0.018056
1 0.568750 0.826389 0.045312 0.038889
1 0.675391 0.872917 0.171094 0.076389
1 0.674609 0.838889 0.167969 0.061111
