2 0.264062 0.463889 0.131250 0.180556
2 0.395313 0.463889 0.120313 0.175000
2 0.393359 0.307639 0.122656 0.173611
1 0.566016 0.506250 0.119531 0.048611
1 0.566016 0.533333 0.119531 0.047222
2 0.782422 0.434028 0.121094 0.209722
3 0.746484 0.471528 0.355469 0.504167
1 0.371875 0.602778 0.128125 0.091667
1 0.371484 0.636111 0.136719 0.100000
1 0.091797 0.650694 0.183594 0.081944
2 0.015234 0.496528 0.030469 0.176389
2 0.443750 0.938889 0.267188 0.119444
2 0.455078 0.840972 0.236719 0.315278
2 0.052734 0.850000 0.105469 0.297222
2 0.070703 0.790972 0.141406 0.415278
2 0.136719 0.948611 0.273438 0.100000
2 0.177734 0.845139 0.283594 0.306944
