0 0.996875 0.415972 0.004687 0.018056
0 0.949609 0.463889 0.036719 0.027778
4 0.362500 0.601389 0.048438 0.011111
4 0.362109 0.572917 0.049219 0.059722
2 0.366016 0.902778 0.285156 0.191667
2 0.082422 0.843750 0.164844 0.309722
2 0.710938 0.947222 0.098437 0.102778
1 0.048438 0.910417 0.096875 0.081944
1 0.068750 0.818750 0.137500 0.101389
1 0.069141 0.869444 0.138281 0.088889
2 0.248828 0.861806 0.183594 0.273611
2 0.438672 0.806944 0.182031 0.225000
2 0.245312 0.640278 0.190625 0.291667
2 0.437891 0.612500 0.185156 0.272222
2 0.096094 0.892361 0.192188 0.212500
2 0.414453 0.957639 0.314844 0.081944
2 0.730469 0.925694 0.331250 0.145833
1 0.051953 0.932639 0.088281 0.037500
1 0.185938 0.756250 0.110937 0.031944
0 0.582031 0.368750 0.028125 0.034722
0 0.563281 0.506250 0.050000 0.059722
1 0.402734 0.754861 0.147656 0.068056
3 0.781641 0.491667 0.210156 0.302778
1 0.407422 0.734028 0.138281 0.048611
