2 0.983984 0.438889 0.030469 0.077778
2 0.985938 0.327778 0.026562 0.183333
1 0.918750 0.543750 0.160938 0.081944
1 0.918750 0.505556 0.160938 0.086111
1 0.917578 0.581250 0.163281 0.081944
1 0.916406 0.622917 0.165625 0.073611
1 0.916406 0.652778 0.165625 0.083333
1 0.914062 0.688889 0.170313 0.086111
2 0.748047 0.519444 0.121094 0.227778
0 0.539062 0.256944 0.037500 0.016667
0 0.459375 0.319444 0.035937 0.019444
2 0.938672 0.877083 0.121094 0.243056
2 0.963672 0.782639 0.071094 0.059722
2 0.190625 0.888194 0.290625 0.220833
2 0.346875 0.819444 0.276562 0.358333
0 0.103516 0.250694 0.044531 0.045833
0 0.105078 0.358333 0.052344 0.036111
0 0.070312 0.368750 0.053125 0.040278
1 0.166016 0.835417 0.258594 0.176389
3 0.337500 0.387500 0.145313 0.369444
1 0.164062 0.790278 0.276562 0.175000
