2 0.729297 0.729861 0.539844 0.537500
2 0.149609 0.572222 0.299219 0.852778
2 0.876172 0.413889 0.246094 0.447222
2 0.566406 0.622917 0.376563 0.540278
2 0.323828 0.641667 0.066406 0.525000
2 0.392578 0.195833 0.035156 0.391667
2 0.175781 0.197917 0.351562 0.395833
1 0.451953 0.434722 0.199219 0.044444
1 0.365625 0.342361 0.031250 0.048611
1 0.364844 0.388889 0.031250 0.047222
2 0.655469 0.490278 0.198437 0.152778
2 0.952344 0.324306 0.087500 0.106944
2 0.657422 0.699306 0.502344 0.598611
2 0.659766 0.242361 0.511719 0.484722
2 0.930859 0.470833 0.136719 0.613889
1 0.355078 0.521528 0.003906 0.015278
0 0.954688 0.079861 0.028125 0.034722
0 0.932031 0.238194 0.040625 0.056944
