2 0.136719 0.733333 0.139063 0.191667
2 0.263281 0.701389 0.129688 0.194444
2 0.134375 0.572222 0.140625 0.191667
1 0.416016 0.693750 0.119531 0.059722
1 0.430078 0.722917 0.097656 0.051389
1 0.428516 0.744444 0.094531 0.052778
2 0.626563 0.630556 0.128125 0.169444
3 0.681250 0.687500 0.232813 0.433333
1 0.366016 0.881944 0.117969 0.111111
1 0.119141 0.900694 0.191406 0.131944
1 0.119922 0.947917 0.191406 0.101389
1 0.120313 0.964583 0.181250 0.068056
2 0.751953 0.954861 0.199219 0.087500
2 0.786328 0.985417 0.077344 0.026389
2 0.641797 0.917361 0.277344 0.162500
