2 0.665234 0.590972 0.117969 0.156944
2 0.802734 0.591667 0.138281 0.177778
2 0.673438 0.427778 0.134375 0.161111
2 0.799609 0.424306 0.141406 0.181944
1 0.955078 0.553472 0.088281 0.029167
1 0.954688 0.523611 0.089063 0.033333
1 0.954688 0.583333 0.089063 0.027778
1 0.951172 0.613889 0.082031 0.030556
1 0.951562 0.643056 0.081250 0.030556
1 0.951953 0.672222 0.082031 0.033333
3 0.929688 0.663889 0.139063 0.144444
1 0.685156 0.529861 0.171875 0.040278
1 0.685937 0.494444 0.162500 0.041667
1 0.686328 0.565972 0.161719 0.034722
1 0.685937 0.602083 0.171875 0.037500
1 0.686328 0.637500 0.161719 0.038889
1 0.685937 0.671528 0.171875 0.045833
1 0.454688 0.530556 0.137500 0.033333
1 0.455078 0.498611 0.138281 0.036111
1 0.456250 0.561806 0.140625 0.031944
1 0.440234 0.597222 0.161719 0.030556
1 0.456250 0.627778 0.132812 0.033333
1 0.456641 0.659722 0.132031 0.036111
2 0.381641 0.590278 0.122656 0.169444
2 0.202344 0.631250 0.404687 0.687500
2 0.412891 0.615278 0.328906 0.480556
2 0.003125 0.413194 0.006250 0.354167
2 0.117578 0.588194 0.235156 0.340278
2 0.083984 0.603472 0.167969 0.423611
2 0.227344 0.588889 0.323437 0.377778
3 0.091406 0.515278 0.167187 0.288889
