1 0.190625 0.570139 0.221875 0.059722
1 0.192969 0.461111 0.212500 0.058333
1 0.192578 0.515972 0.213281 0.054167
2 0.305469 0.594444 0.312500 0.463889
2 0.508203 0.625000 0.425781 0.655556
2 0.314453 0.207639 0.296094 0.415278
1 0.410547 0.597917 0.244531 0.056944
1 0.408984 0.647222 0.247656 0.061111
1 0.412109 0.684722 0.232031 0.038889
1 0.296875 0.683333 0.139063 0.041667
1 0.223828 0.602083 0.017969 0.001389
1 0.241016 0.640278 0.052344 0.044444
1 0.866016 0.679167 0.257031 0.058333
5 0.987109 0.588889 0.024219 0.227778
1 0.761328 0.601389 0.396094 0.094444
1 0.759766 0.522222 0.377344 0.080556
