2 0.623437 0.414583 0.134375 0.162500
2 0.506250 0.397917 0.146875 0.145833
2 0.428906 0.411111 0.065625 0.177778
2 0.563281 0.353472 0.103125 0.126389
2 0.452734 0.349306 0.113281 0.134722
0 0.682031 0.218750 0.012500 0.020833
2 0.681250 0.346528 0.034375 0.148611
2 0.642188 0.327083 0.170313 0.209722
2 0.692969 0.413889 0.012500 0.180556
2 0.737109 0.228472 0.099219 0.190278
2 0.899219 0.227083 0.064062 0.118056
2 0.510547 0.418750 0.185156 0.229167
2 0.405078 0.376389 0.017969 0.058333
1 0.989844 0.401389 0.018750 0.002778
2 0.933203 0.466667 0.132031 0.194444
2 0.820703 0.419444 0.249219 0.302778
2 0.658984 0.416667 0.080469 0.172222
2 0.573047 0.415972 0.157031 0.190278
2 0.461719 0.416667 0.131250 0.211111
1 0.932422 0.431250 0.133594 0.056944
3 0.493359 0.499306 0.986719 0.998611
1 0.933594 0.372222 0.131250 0.055556
