1 0.975391 0.744444 0.047656 0.044444
2 0.057813 0.800000 0.115625 0.397222
2 0.268359 0.802778 0.536719 0.391667
2 0.310156 0.626389 0.343750 0.447222
2 0.110547 0.754861 0.221094 0.343056
2 0.110937 0.407639 0.221875 0.362500
2 0.592578 0.794444 0.399219 0.408333
1 0.491406 0.693056 0.025000 0.038889
2 0.592578 0.719444 0.221094 0.283333
2 0.812891 0.739583 0.246094 0.318056
2 0.592578 0.452083 0.222656 0.279167
2 0.811328 0.438889 0.244531 0.313889
2 0.031641 0.614583 0.063281 0.051389
2 0.164062 0.794444 0.328125 0.408333
2 0.449219 0.797222 0.504687 0.402778
1 0.537500 0.736806 0.117188 0.048611
1 0.515625 0.768056 0.084375 0.044444
1 0.667188 0.724306 0.140625 0.026389
5 0.857422 0.683333 0.069531 0.055556
1 0.863672 0.709722 0.205469 0.052778
1 0.862891 0.669444 0.203906 0.047222
