2 0.841797 0.932639 0.314844 0.131944
1 0.606250 0.964583 0.196875 0.068056
2 0.986719 0.911111 0.025000 0.175000
1 0.829688 0.711111 0.140625 0.052778
4 0.830859 0.679167 0.132031 0.055556
4 0.831250 0.646528 0.132812 0.051389
4 0.831641 0.611806 0.132031 0.059722
2 0.073047 0.651389 0.146094 0.250000
2 0.024219 0.764583 0.012500 0.040278
2 0.040234 0.482639 0.080469 0.131944
2 0.016797 0.479861 0.033594 0.137500
2 0.133594 0.793750 0.178125 0.309722
1 0.305078 0.645833 0.116406 0.044444
2 0.375391 0.677083 0.142969 0.204167
2 0.466797 0.709722 0.158594 0.238889
2 0.377344 0.506944 0.139063 0.188889
2 0.009766 0.752778 0.019531 0.222222
2 0.042188 0.811806 0.084375 0.304167
1 0.406250 0.643750 0.120313 0.048611
1 0.396484 0.667361 0.103906 0.048611
1 0.394531 0.686806 0.107813 0.045833
1 0.320312 0.682639 0.040625 0.029167
1 0.612891 0.660417 0.000781 0.001389
5 0.728516 0.608333 0.077344 0.166667
1 0.564844 0.685417 0.143750 0.059722
1 0.564844 0.659722 0.142187 0.052778
