2 0.695703 0.048611 0.132031 0.097222
2 0.789062 0.035417 0.126562 0.070833
1 0.909375 0.025000 0.117188 0.050000
1 0.957422 0.095139 0.083594 0.090278
1 0.956250 0.123611 0.085938 0.086111
1 0.955078 0.150694 0.088281 0.087500
1 0.863672 0.154861 0.121094 0.106944
1 0.861719 0.197917 0.120313 0.079167
1 0.856641 0.225694 0.113281 0.079167
2 0.592187 0.122917 0.146875 0.245833
4 0.126953 0.884028 0.253906 0.229167
0 0.000781 0.397222 0.001563 0.002778
0 0.002734 0.072917 0.005469 0.043056
1 0.878906 0.840278 0.240625 0.316667
3 0.080078 0.232639 0.160156 0.465278
1 0.884375 0.795833 0.229687 0.291667
