2 0.735547 0.661806 0.132031 0.170833
2 0.864844 0.670833 0.139063 0.180556
2 0.736328 0.506944 0.132031 0.163889
2 0.864453 0.506944 0.138281 0.172222
1 0.989453 0.752778 0.019531 0.041667
3 0.980859 0.856250 0.036719 0.034722
1 0.773438 0.783333 0.164062 0.075000
1 0.572266 0.760417 0.050781 0.051389
2 0.455859 0.629861 0.125781 0.104167
0 0.343359 0.472222 0.033594 0.008333
0 0.282422 0.533333 0.030469 0.005556
2 0.174219 0.888194 0.348438 0.220833
2 0.404297 0.848611 0.425781 0.300000
2 0.594531 0.828472 0.292187 0.340278
2 0.098828 0.538889 0.191406 0.016667
2 0.304688 0.822222 0.154688 0.352778
2 0.026953 0.884722 0.053906 0.227778
2 0.026953 0.493750 0.053906 0.618056
2 0.190234 0.755556 0.380469 0.486111
2 0.407031 0.714583 0.303125 0.404167
3 0.152344 0.482639 0.137500 0.118056
