2 0.418750 0.452778 0.145313 0.180556
2 0.514844 0.438194 0.132812 0.159722
2 0.419922 0.285417 0.149219 0.179167
1 0.641406 0.445833 0.104688 0.036111
1 0.637500 0.471528 0.096875 0.029167
1 0.628516 0.491667 0.080469 0.036111
2 0.845703 0.355556 0.130469 0.119444
3 0.950781 0.295833 0.096875 0.225000
1 0.716406 0.474306 0.095312 0.048611
1 0.714453 0.502778 0.097656 0.055556
1 0.716406 0.533333 0.095312 0.055556
1 0.646875 0.570833 0.117188 0.077778
2 0.320312 0.506250 0.192188 0.256944
2 0.970313 0.935417 0.057813 0.023611
1 0.885156 0.840278 0.228125 0.211111
1 0.877344 0.752083 0.243750 0.179167
