2 0.610938 0.852778 0.320312 0.291667
2 0.263281 0.921528 0.328125 0.154167
2 0.084375 0.903472 0.168750 0.190278
2 0.253516 0.731944 0.342969 0.486111
2 0.081250 0.704167 0.162500 0.436111
2 0.811719 0.950000 0.020313 0.097222
1 0.439453 0.723611 0.189844 0.094444
2 0.641406 0.739583 0.193750 0.315278
2 0.876563 0.770139 0.214062 0.337500
2 0.885547 0.527778 0.222656 0.319444
2 0.005469 0.967361 0.010937 0.062500
2 0.200781 0.975000 0.303125 0.047222
1 0.496094 0.725694 0.132812 0.115278
1 0.325000 0.740972 0.039062 0.029167
1 0.694141 0.628472 0.130469 0.045833
5 0.732422 0.410417 0.058594 0.026389
1 0.857422 0.677778 0.172656 0.100000
1 0.858203 0.644444 0.171094 0.097222
