1 0.889453 0.827778 0.219531 0.133333
4 0.893750 0.774306 0.210938 0.131944
4 0.894141 0.718056 0.210156 0.122222
4 0.894531 0.659722 0.209375 0.127778
1 0.130469 0.622222 0.103125 0.055556
1 0.122266 0.563889 0.119531 0.027778
1 0.131250 0.589583 0.106250 0.065278
2 0.130078 0.690972 0.141406 0.276389
2 0.130469 0.783333 0.190625 0.413889
2 0.122656 0.439583 0.156250 0.276389
1 0.237500 0.695833 0.051562 0.069444
1 0.242969 0.649306 0.042188 0.031944
1 0.239063 0.610417 0.057813 0.034722
1 0.240234 0.631944 0.058594 0.055556
1 0.643359 0.779861 0.183594 0.112500
5 0.782813 0.650000 0.087500 0.205556
1 0.350000 0.751389 0.173437 0.122222
1 0.349219 0.704861 0.173437 0.115278
