1 0.851562 0.889583 0.262500 0.218056
1 0.818750 0.913194 0.200000 0.170833
2 0.912500 0.609028 0.173437 0.343056
1 0.168359 0.396528 0.102344 0.076389
4 0.166016 0.363889 0.102344 0.077778
4 0.150391 0.329861 0.130469 0.073611
4 0.148438 0.296528 0.131250 0.073611
2 0.014063 0.947222 0.028125 0.102778
2 0.055859 0.650000 0.111719 0.344444
5 0.013281 0.275694 0.026562 0.115278
0 0.422266 0.056250 0.035156 0.043056
0 0.401172 0.227083 0.038281 0.073611
1 0.061328 0.542361 0.122656 0.112500
3 0.682031 0.218750 0.268750 0.384722
1 0.059766 0.508333 0.119531 0.105556
