1 0.998047 0.775000 0.002344 0.030556
2 0.001172 0.965972 0.002344 0.065278
2 0.035937 0.975694 0.071875 0.045833
2 0.246094 0.797917 0.265625 0.365278
2 0.017578 0.656250 0.032031 0.015278
2 0.109375 0.568056 0.218750 0.244444
2 0.426953 0.903472 0.324219 0.190278
1 0.457031 0.738889 0.162500 0.080556
1 0.449609 0.677778 0.169531 0.061111
1 0.454688 0.706944 0.159375 0.075000
2 0.585547 0.790972 0.207031 0.301389
2 0.765234 0.837500 0.236719 0.322222
2 0.108594 0.820833 0.217188 0.347222
2 0.246094 0.852083 0.365625 0.293056
1 0.558984 0.784028 0.152344 0.084722
1 0.481250 0.768750 0.137500 0.062500
1 0.475781 0.697917 0.148438 0.034722
1 0.533203 0.722222 0.033594 0.033333
1 0.701562 0.737500 0.089063 0.052778
5 0.954688 0.658333 0.001563 0.019444
1 0.849609 0.799306 0.214844 0.104167
1 0.848828 0.767361 0.205469 0.081944
