2 0.807813 0.465278 0.145313 0.236111
2 0.742578 0.547222 0.172656 0.316667
2 0.660156 0.631944 0.210938 0.386111
2 0.561328 0.309722 0.125781 0.183333
2 0.466406 0.344444 0.145313 0.213889
0 0.740234 0.141667 0.042969 0.027778
2 0.855078 0.334028 0.125781 0.190278
2 0.984375 0.423611 0.029687 0.191667
2 0.953906 0.697917 0.090625 0.412500
2 0.375000 0.463889 0.173437 0.252778
2 0.273047 0.520139 0.169531 0.295833
2 0.946484 0.390972 0.075781 0.095833
2 0.920703 0.400694 0.108594 0.079167
2 0.955469 0.252778 0.087500 0.202778
2 0.885938 0.565278 0.173437 0.319444
2 0.829297 0.677083 0.214844 0.423611
