3 0.044531 0.081250 0.089063 0.162500
2 0.511719 0.152778 0.032813 0.219444
2 0.800391 0.044444 0.128906 0.088889
2 0.626953 0.021528 0.110156 0.043056
2 0.845313 0.100000 0.182812 0.200000
2 0.402734 0.148611 0.208594 0.297222
2 0.643359 0.187500 0.199219 0.102778
2 0.862500 0.274306 0.225000 0.309722
2 0.647656 0.084028 0.204687 0.168056
2 0.210547 0.245139 0.208594 0.293056
2 0.492969 0.074306 0.107813 0.148611
2 0.384766 0.010417 0.100781 0.020833
1 0.639844 0.592361 0.296875 0.131944
1 0.646484 0.479167 0.327344 0.111111
1 0.644922 0.531250 0.322656 0.137500
2 0.296094 0.540278 0.340625 0.488889
2 0.085156 0.529861 0.162500 0.473611
2 0.074219 0.192361 0.148438 0.384722
2 0.867578 0.208333 0.199219 0.250000
2 0.646484 0.045833 0.169531 0.091667
2 0.428516 0.111806 0.185156 0.223611
2 0.235937 0.060417 0.195312 0.120833
1 0.589453 0.887500 0.267969 0.222222
1 0.787500 0.913889 0.025000 0.169444
1 0.805078 0.850694 0.046094 0.295833
1 0.796094 0.881944 0.035937 0.233333
1 0.018359 0.674306 0.036719 0.120833
1 0.014844 0.593750 0.029687 0.090278
