2 0.955469 0.324306 0.087500 0.184722
2 0.960547 0.152083 0.077344 0.193056
1 0.796094 0.500694 0.185938 0.101389
2 0.678906 0.338889 0.137500 0.230556
0 0.516406 0.066667 0.037500 0.019444
0 0.443750 0.126389 0.035937 0.022222
2 0.446875 0.794444 0.450000 0.408333
2 0.193750 0.777083 0.387500 0.443056
2 0.660156 0.793056 0.164062 0.411111
2 0.035156 0.781944 0.070312 0.386111
2 0.136719 0.671528 0.273438 0.393056
2 0.132031 0.377778 0.264062 0.413889
2 0.757422 0.840278 0.469531 0.316667
2 0.860547 0.743750 0.277344 0.509722
0 0.060156 0.058333 0.034375 0.044444
0 0.064453 0.159722 0.047656 0.036111
0 0.027344 0.169444 0.051562 0.038889
1 0.062891 0.603472 0.125781 0.118056
3 0.288281 0.189583 0.206250 0.365278
1 0.065625 0.577778 0.131250 0.080556
