2 0.162109 0.629861 0.100781 0.229167
2 0.160547 0.700694 0.124219 0.270833
2 0.167578 0.803472 0.144531 0.354167
0 0.013672 0.329167 0.027344 0.027778
2 0.155078 0.506944 0.094531 0.197222
2 0.411719 0.590278 0.131250 0.255556
2 0.374609 0.612500 0.110156 0.216667
2 0.353516 0.566667 0.103906 0.191667
2 0.373047 0.438194 0.111719 0.201389
2 0.347656 0.411111 0.096875 0.177778
2 0.455078 0.756250 0.155469 0.320833
1 0.654687 0.575000 0.114062 0.061111
2 0.716406 0.629861 0.128125 0.229167
2 0.813672 0.698611 0.177344 0.269444
2 0.728516 0.450694 0.147656 0.215278
2 0.815234 0.492361 0.188281 0.251389
2 0.257812 0.561111 0.092188 0.175000
2 0.274609 0.614583 0.103906 0.201389
2 0.255078 0.412500 0.092969 0.177778
2 0.268750 0.445833 0.112500 0.208333
2 0.293750 0.689583 0.125000 0.276389
2 0.321875 0.778472 0.148438 0.337500
1 0.711328 0.604167 0.027344 0.044444
1 0.708594 0.631944 0.031250 0.041667
1 0.682422 0.608333 0.030469 0.027778
1 0.949219 0.682639 0.100000 0.070833
1 0.950000 0.658333 0.098437 0.055556
