2 0.042969 0.191667 0.085938 0.163889
3 0.087109 0.184722 0.144531 0.369444
2 0.859375 0.275694 0.150000 0.023611
2 0.690234 0.329167 0.017969 0.230556
2 0.493750 0.420833 0.028125 0.008333
2 0.956250 0.247917 0.045312 0.076389
2 0.801953 0.195833 0.142969 0.172222
2 0.989062 0.242361 0.020313 0.065278
2 0.558984 0.285417 0.249219 0.337500
2 0.866406 0.268056 0.265625 0.038889
2 0.867969 0.143750 0.262500 0.287500
2 0.319922 0.470139 0.249219 0.195833
2 0.702734 0.276389 0.042969 0.186111
1 0.848828 0.773611 0.300781 0.144444
2 0.406250 0.679861 0.489063 0.637500
2 0.115625 0.668750 0.231250 0.609722
2 0.400000 0.215972 0.503125 0.431944
2 0.841797 0.266667 0.210156 0.041667
2 0.864062 0.107639 0.223438 0.215278
2 0.589063 0.379167 0.214062 0.300000
2 0.371875 0.440972 0.215625 0.137500
1 0.002344 0.768056 0.004687 0.100000
1 0.007812 0.658333 0.015625 0.119444
