2 0.601172 0.730556 0.102344 0.222222
2 0.588672 0.769444 0.122656 0.269444
2 0.571094 0.820833 0.150000 0.333333
2 0.308203 0.623611 0.117969 0.172222
2 0.241406 0.641667 0.139063 0.205556
0 0.477734 0.454167 0.038281 0.025000
2 0.607422 0.584722 0.088281 0.094444
2 0.875781 0.669444 0.153125 0.252778
2 0.799609 0.733333 0.041406 0.225000
2 0.782031 0.631250 0.034375 0.043056
2 0.912500 0.827778 0.173437 0.341667
2 0.170313 0.756250 0.176563 0.254167
2 0.103906 0.800694 0.154688 0.309722
2 0.714063 0.690278 0.090625 0.163889
2 0.724609 0.706944 0.107031 0.175000
2 0.714063 0.530556 0.090625 0.172222
2 0.724609 0.531250 0.107031 0.204167
2 0.735938 0.758333 0.128125 0.247222
2 0.754687 0.825694 0.159375 0.340278
