1 0.652344 0.776389 0.153125 0.097222
4 0.654687 0.740278 0.154688 0.102778
4 0.655078 0.700694 0.155469 0.098611
4 0.655859 0.653472 0.155469 0.118056
1 0.039453 0.682639 0.078906 0.062500
1 0.039453 0.659028 0.078906 0.048611
2 0.068750 0.765972 0.137500 0.262500
2 0.112109 0.832639 0.178906 0.331944
2 0.064844 0.545139 0.129688 0.276389
1 0.139063 0.708333 0.106250 0.094444
1 0.135156 0.669444 0.110937 0.072222
1 0.154297 0.618750 0.069531 0.040278
1 0.134375 0.643750 0.112500 0.070833
1 0.456250 0.750694 0.142187 0.093056
5 0.562500 0.625694 0.065625 0.165278
0 0.936719 0.497222 0.048438 0.069444
0 0.933984 0.626389 0.069531 0.088889
0 0.878516 0.605556 0.067969 0.080556
0 0.871484 0.838194 0.066406 0.087500
1 0.270703 0.809028 0.150781 0.098611
1 0.267578 0.766667 0.169531 0.119444
