1 0.364063 0.873611 0.331250 0.205556
1 0.363672 0.922917 0.328906 0.151389
1 0.366797 0.954861 0.341406 0.087500
2 0.850781 0.790278 0.296875 0.416667
1 0.412500 0.650694 0.129688 0.037500
4 0.414844 0.618056 0.129688 0.044444
4 0.414844 0.584722 0.129688 0.041667
4 0.414453 0.550694 0.130469 0.045833
2 0.001563 0.619444 0.003125 0.188889
2 0.070312 0.656944 0.140625 0.261111
1 0.150391 0.635417 0.124219 0.026389
5 0.302734 0.565278 0.080469 0.169444
0 0.658594 0.334722 0.035937 0.038889
0 0.659375 0.435417 0.035937 0.026389
0 0.616797 0.435417 0.044531 0.026389
0 0.617969 0.609028 0.043750 0.031944
1 0.148047 0.629861 0.172656 0.045833
3 0.931250 0.455556 0.135937 0.336111
1 0.149219 0.596528 0.181250 0.045833
