1 0.910547 0.609722 0.177344 0.077778
4 0.912109 0.542361 0.174219 0.084722
4 0.912109 0.470139 0.174219 0.073611
4 0.912109 0.402778 0.174219 0.080556
1 0.053125 0.463194 0.106250 0.043056
2 0.058203 0.450000 0.116406 0.286111
2 0.069531 0.466667 0.139063 0.438889
2 0.068750 0.154167 0.137500 0.308333
1 0.231250 0.568056 0.184375 0.044444
1 0.170313 0.560417 0.062500 0.031944
1 0.617969 0.568056 0.220312 0.063889
5 0.800391 0.456944 0.147656 0.291667
1 0.304688 0.468750 0.231250 0.065278
1 0.303516 0.406944 0.216406 0.066667
