2 0.983594 0.413194 0.031250 0.223611
1 0.899609 0.789583 0.199219 0.204167
1 0.666016 0.546528 0.203906 0.168056
1 0.664062 0.584028 0.190625 0.159722
2 0.692187 0.354167 0.175000 0.250000
1 0.021484 0.336806 0.005469 0.029167
4 0.019922 0.304861 0.008594 0.034722
4 0.016797 0.271528 0.008594 0.034722
4 0.013672 0.232639 0.010156 0.051389
2 0.148047 0.948611 0.255469 0.100000
2 0.083594 0.795139 0.167187 0.406944
2 0.021094 0.518750 0.042188 0.254167
2 0.011719 0.281250 0.023438 0.270833
2 0.111719 0.857639 0.223438 0.281944
0 0.216797 0.161111 0.019531 0.030556
0 0.203125 0.006944 0.031250 0.013889
1 0.005469 0.438889 0.010937 0.047222
3 0.432812 0.146528 0.226562 0.293056
1 0.003125 0.420139 0.006250 0.009722
