2 0.961328 0.524306 0.036719 0.151389
2 0.962891 0.381944 0.036719 0.150000
1 0.959375 0.625694 0.037500 0.040278
1 0.788281 0.600000 0.145313 0.044444
2 0.735156 0.513194 0.118750 0.129167
2 0.370703 0.727083 0.378906 0.462500
2 0.622266 0.672222 0.308594 0.380556
2 0.792969 0.652778 0.257812 0.358333
2 0.556641 0.499306 0.885156 0.998611
2 0.060156 0.584028 0.120313 0.609722
2 0.357812 0.486111 0.254688 0.283333
2 0.130078 0.673611 0.258594 0.388889
2 0.526563 0.597222 0.215625 0.263889
2 0.108594 0.576389 0.182812 0.219444
2 0.207031 0.490972 0.051562 0.031944
2 0.101172 0.350000 0.202344 0.233333
2 0.012109 0.745833 0.024219 0.466667
2 0.206250 0.714583 0.354687 0.454167
2 0.011328 0.284722 0.022656 0.497222
2 0.206641 0.284028 0.363281 0.445833
2 0.468750 0.661111 0.279687 0.369444
2 0.644922 0.615278 0.236719 0.291667
0 0.290234 0.322222 0.016406 0.025000
3 0.471094 0.440972 0.135937 0.248611
