1 0.997266 0.896528 0.003906 0.043056
2 0.166406 0.961111 0.332813 0.075000
2 0.605859 0.943056 0.460156 0.111111
2 0.144531 0.751389 0.289062 0.261111
2 0.460156 0.874306 0.285938 0.248611
2 0.372266 0.787500 0.167969 0.269444
2 0.148828 0.548611 0.191406 0.213889
2 0.150391 0.913889 0.300781 0.169444
2 0.517578 0.901389 0.350781 0.194444
1 0.320312 0.762500 0.042188 0.002778
5 0.227344 0.611111 0.056250 0.072222
0 0.597656 0.443056 0.021875 0.030556
0 0.596875 0.524306 0.029687 0.023611
0 0.561719 0.525694 0.035937 0.023611
0 0.563281 0.670139 0.035937 0.026389
1 0.353125 0.744444 0.125000 0.058333
3 0.816797 0.581944 0.236719 0.311111
1 0.360547 0.720139 0.139844 0.040278
