3 0.024609 0.159722 0.049219 0.305556
1 0.034766 0.376389 0.069531 0.102778
1 0.035937 0.425694 0.071875 0.070833
1 0.113672 0.536806 0.202344 0.206944
1 0.117969 0.583333 0.185938 0.183333
2 0.039453 0.775000 0.078906 0.447222
2 0.649609 0.086111 0.128906 0.172222
2 0.543750 0.128472 0.139063 0.204167
2 0.433203 0.164583 0.147656 0.223611
2 0.579297 0.009028 0.096094 0.018056
2 0.476172 0.023611 0.108594 0.047222
2 0.741406 0.045833 0.120313 0.091667
2 0.679297 0.122917 0.160156 0.234722
2 0.783594 0.150000 0.148438 0.208333
2 0.863672 0.111111 0.138281 0.180556
2 0.563281 0.242361 0.167187 0.259722
2 0.387500 0.063194 0.115625 0.126389
2 0.291016 0.079167 0.122656 0.158333
2 0.937891 0.247917 0.069531 0.123611
2 0.848437 0.439583 0.220312 0.301389
2 0.862500 0.186806 0.235937 0.331944
2 0.807813 0.095139 0.131250 0.170833
2 0.714453 0.125694 0.138281 0.198611
2 0.811719 0.017361 0.125000 0.034722
2 0.609766 0.160417 0.146094 0.218056
2 0.494922 0.202083 0.157031 0.240278
1 0.939063 0.539583 0.120313 0.123611
1 0.943359 0.501389 0.111719 0.116667
