1 0.644922 0.642361 0.160156 0.056944
1 0.009375 0.599306 0.018750 0.045833
1 0.005469 0.515278 0.010937 0.041667
1 0.005859 0.556944 0.011719 0.041667
2 0.097266 0.636111 0.194531 0.330556
2 0.267188 0.660417 0.289062 0.370833
1 0.041406 0.675694 0.070312 0.062500
1 0.034766 0.646528 0.055469 0.018056
1 0.033984 0.590278 0.032031 0.030556
1 0.031250 0.634028 0.062500 0.037500
5 0.513281 0.563889 0.028125 0.161111
0 0.992969 0.488889 0.012500 0.038889
0 0.987109 0.238889 0.024219 0.050000
1 0.458203 0.618056 0.094531 0.066667
1 0.455469 0.573611 0.089063 0.058333
