1 0.953516 0.729861 0.091406 0.059722
1 0.955078 0.761111 0.088281 0.055556
1 0.955469 0.792361 0.087500 0.068056
2 0.937109 0.665278 0.058594 0.127778
0 0.796094 0.493750 0.032813 0.006944
0 0.738281 0.549306 0.031250 0.009722
4 0.223828 0.704167 0.024219 0.022222
4 0.223438 0.678472 0.023438 0.031944
4 0.222266 0.652778 0.021094 0.022222
2 0.388281 0.892361 0.470313 0.212500
2 0.729688 0.868750 0.373437 0.259722
2 0.892969 0.852778 0.212500 0.291667
2 0.058594 0.806250 0.117188 0.384722
2 0.448047 0.729167 0.277344 0.333333
2 0.164453 0.875694 0.319531 0.245833
2 0.690234 0.844444 0.144531 0.308333
1 0.065234 0.804861 0.058594 0.031944
1 0.048047 0.715278 0.075781 0.050000
1 0.035156 0.754861 0.050000 0.040278
2 0.208594 0.777083 0.193750 0.270833
2 0.378516 0.725000 0.182031 0.186111
2 0.205078 0.541667 0.202344 0.238889
2 0.251172 0.878472 0.386719 0.240278
2 0.005859 0.575694 0.011719 0.520833
2 0.251953 0.586806 0.391406 0.520833
2 0.567969 0.784722 0.325000 0.427778
2 0.773828 0.743750 0.274219 0.362500
1 0.048438 0.825000 0.018750 0.033333
1 0.046484 0.861111 0.021094 0.041667
0 0.419531 0.461111 0.021875 0.027778
0 0.418750 0.535417 0.023438 0.020833
0 0.400391 0.535417 0.019531 0.020833
1 0.241016 0.710417 0.013281 0.006944
3 0.615234 0.570833 0.135156 0.241667
1 0.249219 0.695833 0.037500 0.030556
