2 0.550781 0.615972 0.150000 0.187500
2 0.443359 0.644444 0.182031 0.225000
2 0.319141 0.688889 0.211719 0.288889
2 0.398047 0.520139 0.121094 0.151389
2 0.284766 0.531250 0.141406 0.170833
0 0.556641 0.365972 0.038281 0.023611
2 0.633594 0.534028 0.129688 0.176389
2 0.679688 0.581944 0.195312 0.266667
2 0.763672 0.652083 0.163281 0.240278
2 0.820312 0.628472 0.142187 0.209722
2 0.760547 0.438889 0.155469 0.227778
2 0.569141 0.729861 0.225781 0.343056
2 0.175781 0.618056 0.160938 0.200000
2 0.068750 0.639583 0.137500 0.226389
2 0.725391 0.610417 0.133594 0.173611
2 0.651953 0.635417 0.152344 0.218056
2 0.672266 0.436806 0.021094 0.173611
2 0.554688 0.660417 0.184375 0.245833
2 0.437109 0.709028 0.219531 0.315278
