1 0.606250 0.688889 0.148438 0.058333
4 0.608594 0.654167 0.140625 0.061111
4 0.608984 0.617361 0.141406 0.059722
4 0.608984 0.575000 0.141406 0.075000
1 0.029687 0.696528 0.059375 0.054167
1 0.031641 0.631250 0.063281 0.048611
1 0.032031 0.663194 0.064062 0.054167
2 0.097656 0.739583 0.195312 0.301389
2 0.236328 0.804861 0.225781 0.309722
2 0.232422 0.550000 0.228906 0.305556
1 0.103906 0.724306 0.170313 0.095833
1 0.062891 0.706250 0.092969 0.070833
1 0.085547 0.639583 0.044531 0.040278
1 0.057813 0.677083 0.101562 0.070833
1 0.442578 0.670833 0.008594 0.030556
5 0.482031 0.589583 0.064062 0.148611
0 0.902344 0.366667 0.031250 0.047222
0 0.869922 0.560417 0.052344 0.084722
1 0.346875 0.731944 0.185938 0.080556
1 0.354297 0.700694 0.167969 0.070833
