2 0.148438 0.445833 0.140625 0.183333
2 0.262891 0.418056 0.130469 0.177778
2 0.143359 0.294444 0.142969 0.180556
1 0.428516 0.447917 0.055469 0.048611
2 0.600000 0.345833 0.120313 0.166667
3 0.653906 0.374306 0.228125 0.379167
1 0.399609 0.555556 0.121094 0.086111
1 0.213281 0.628472 0.146875 0.101389
2 0.008203 0.573611 0.016406 0.183333
2 0.786719 0.554167 0.126562 0.083333
2 0.837500 0.777083 0.323437 0.443056
2 0.983984 0.959722 0.030469 0.077778
2 0.985156 0.736111 0.028125 0.441667
2 0.622266 0.794444 0.252344 0.408333
2 0.987109 0.504861 0.024219 0.129167
2 0.274609 0.986806 0.053906 0.023611
2 0.132031 0.963194 0.264062 0.070833
2 0.138672 0.717361 0.277344 0.562500
2 0.901563 0.739583 0.195312 0.459722
2 0.741016 0.592361 0.246094 0.295833
