3 0.113281 0.499306 0.226562 0.998611
2 0.442578 0.439583 0.167969 0.268056
2 0.510938 0.467361 0.204687 0.334722
2 0.596875 0.508333 0.290625 0.436111
0 0.203516 0.116667 0.047656 0.030556
2 0.394141 0.322222 0.136719 0.219444
2 0.842187 0.315278 0.190625 0.286111
2 0.716406 0.501389 0.106250 0.097222
2 0.630859 0.402083 0.136719 0.162500
2 0.629687 0.195833 0.146875 0.183333
2 0.908203 0.486806 0.182031 0.384722
1 0.967578 0.411806 0.063281 0.037500
1 0.969141 0.347222 0.060156 0.030556
1 0.969141 0.379861 0.060156 0.034722
2 0.506250 0.416667 0.118750 0.194444
2 0.580859 0.436806 0.166406 0.240278
2 0.511328 0.211111 0.144531 0.219444
2 0.673438 0.323611 0.214062 0.322222
2 0.803906 0.321528 0.309375 0.415278
1 0.989062 0.482639 0.020313 0.026389
1 0.989453 0.445139 0.019531 0.004167
