2 0.019141 0.615278 0.038281 0.177778
2 0.017578 0.454861 0.035156 0.173611
1 0.117969 0.631250 0.134375 0.054167
1 0.118750 0.656250 0.140625 0.054167
2 0.345313 0.522222 0.131250 0.169444
3 0.421484 0.540972 0.221094 0.393056
1 0.159375 0.751389 0.157812 0.091667
1 0.021484 0.796528 0.042969 0.068056
1 0.025000 0.838194 0.050000 0.068056
2 0.896875 0.811806 0.204687 0.312500
2 0.696484 0.752778 0.227344 0.261111
2 0.820312 0.804861 0.342187 0.387500
2 0.545703 0.850694 0.292969 0.295833
2 0.964063 0.676389 0.070312 0.225000
2 0.849219 0.648611 0.167187 0.202778
2 0.014844 0.977083 0.029687 0.043056
2 0.879297 0.849306 0.239844 0.298611
2 0.627734 0.828472 0.255469 0.340278
