1 0.691797 0.994444 0.052344 0.008333
1 0.520312 0.529167 0.170313 0.047222
4 0.523438 0.485417 0.170313 0.056944
4 0.523438 0.440972 0.170313 0.051389
4 0.523438 0.397222 0.170313 0.052778
2 0.080859 0.525694 0.161719 0.390278
1 0.078906 0.506944 0.073438 0.038889
5 0.372266 0.420833 0.102344 0.216667
0 0.876953 0.085417 0.049219 0.056944
0 0.875391 0.227083 0.046094 0.040278
0 0.812500 0.230556 0.060937 0.038889
0 0.811719 0.470833 0.060937 0.041667
1 0.172656 0.485417 0.248438 0.062500
1 0.172656 0.436806 0.264062 0.059722
