2 0.037109 0.653472 0.074219 0.690278
1 0.901953 0.858333 0.194531 0.055556
4 0.902734 0.809028 0.185156 0.059722
4 0.901172 0.756944 0.183594 0.052778
4 0.900391 0.707639 0.183594 0.054167
2 0.008594 0.750694 0.017188 0.162500
1 0.256641 0.750000 0.091406 0.027778
2 0.251563 0.759028 0.112500 0.218056
2 0.250000 0.758333 0.134375 0.269444
1 0.383203 0.709722 0.116406 0.027778
1 0.343359 0.680556 0.039844 0.030556
1 0.391016 0.738194 0.138281 0.029167
1 0.373828 0.770139 0.097656 0.029167
1 0.391016 0.797917 0.132031 0.031944
1 0.385937 0.825694 0.129688 0.034722
1 0.376563 0.820139 0.110937 0.023611
1 0.698047 0.835417 0.157031 0.048611
5 0.822266 0.744444 0.097656 0.225000
1 0.422656 0.756944 0.129688 0.038889
1 0.422656 0.715972 0.129688 0.037500
