2 0.088281 0.411806 0.114062 0.134722
3 0.156250 0.413889 0.184375 0.302778
1 0.004687 0.584028 0.009375 0.006944
2 0.651953 0.493056 0.161719 0.041667
2 0.873437 0.382639 0.114062 0.040278
2 0.704297 0.437500 0.125781 0.155556
0 0.968359 0.269444 0.035156 0.052778
2 0.847266 0.455556 0.169531 0.136111
2 0.384766 0.412500 0.200781 0.027778
2 0.191797 0.548611 0.124219 0.138889
2 0.585938 0.465278 0.112500 0.083333
2 0.475391 0.419444 0.113281 0.013889
2 0.071094 0.631944 0.142187 0.088889
2 0.030859 0.630556 0.061719 0.094444
2 0.030078 0.439583 0.060156 0.309722
2 0.837109 0.512500 0.186719 0.033333
2 0.638281 0.502083 0.151562 0.020833
2 0.623828 0.396528 0.185156 0.229167
2 0.441406 0.406944 0.179688 0.038889
2 0.287500 0.485417 0.175000 0.206944
