2 0.956641 0.749306 0.085156 0.498611
1 0.292969 0.743750 0.343750 0.204167
1 0.292969 0.831944 0.362500 0.211111
1 0.582422 0.663889 0.253906 0.125000
2 0.929688 0.540972 0.139063 0.323611
1 0.739453 0.489583 0.008594 0.023611
4 0.738672 0.460417 0.008594 0.031944
4 0.737500 0.430556 0.010937 0.030556
4 0.684375 0.401389 0.118750 0.033333
2 0.029297 0.382639 0.058594 0.215278
2 0.075391 0.497917 0.150781 0.259722
1 0.162891 0.436806 0.072656 0.029167
2 0.266406 0.450000 0.140625 0.180556
2 0.360547 0.460417 0.158594 0.198611
2 0.263672 0.279167 0.144531 0.180556
2 0.360938 0.273611 0.156250 0.197222
2 0.010937 0.505556 0.021875 0.261111
1 0.341406 0.464583 0.006250 0.020833
1 0.342969 0.483333 0.009375 0.016667
1 0.185938 0.490972 0.025000 0.018056
1 0.478906 0.475000 0.106250 0.025000
5 0.587109 0.415972 0.071094 0.148611
0 0.912891 0.195139 0.039844 0.037500
0 0.888672 0.358333 0.046094 0.050000
1 0.450000 0.448611 0.137500 0.033333
1 0.450000 0.421528 0.135937 0.031944
