2 0.185938 0.448611 0.156250 0.186111
2 0.080859 0.438889 0.147656 0.197222
2 0.015234 0.431944 0.016406 0.191667
2 0.062109 0.386111 0.121094 0.152778
2 0.001563 0.308333 0.003125 0.011111
0 0.219141 0.238889 0.036719 0.022222
2 0.282813 0.379167 0.131250 0.169444
2 0.273438 0.348611 0.195312 0.250000
2 0.376172 0.453472 0.158594 0.209722
2 0.437109 0.453472 0.121094 0.184722
2 0.140625 0.455556 0.235937 0.297222
1 0.710938 0.450000 0.001563 0.036111
2 0.723828 0.455556 0.063281 0.286111
2 0.601953 0.456250 0.216406 0.356944
2 0.662109 0.180556 0.150781 0.291667
2 0.365625 0.453472 0.129688 0.168056
2 0.278125 0.453472 0.154688 0.201389
2 0.275781 0.260417 0.159375 0.206944
2 0.162891 0.456944 0.192969 0.227778
2 0.069531 0.454861 0.139063 0.281944
1 0.885156 0.478472 0.181250 0.040278
1 0.879687 0.515972 0.190625 0.043056
1 0.880078 0.554167 0.180469 0.044444
1 0.897656 0.547222 0.156250 0.041667
1 0.823047 0.456944 0.207031 0.061111
1 0.823828 0.398611 0.192969 0.061111
