1 0.825000 0.809722 0.182812 0.083333
4 0.827344 0.765278 0.184375 0.088889
4 0.827344 0.717361 0.184375 0.081944
4 0.827734 0.669444 0.185156 0.086111
1 0.137109 0.677778 0.114844 0.055556
2 0.170703 0.726389 0.142969 0.269444
2 0.212500 0.781944 0.173437 0.336111
2 0.169531 0.497222 0.143750 0.238889
1 0.253906 0.745139 0.090625 0.062500
1 0.237109 0.727778 0.108594 0.038889
1 0.588281 0.768750 0.156250 0.073611
5 0.719141 0.660417 0.100781 0.223611
1 0.383203 0.754861 0.167969 0.081944
1 0.386328 0.713194 0.175781 0.084722
