3 0.200000 0.780556 0.400000 0.147222
1 0.891016 0.615972 0.216406 0.145833
2 0.057422 0.489583 0.103906 0.245833
2 0.094531 0.475694 0.189062 0.312500
2 0.163281 0.454861 0.240625 0.384722
2 0.031250 0.409028 0.062500 0.215278
2 0.376563 0.370833 0.185938 0.250000
2 0.293359 0.548611 0.155469 0.116667
2 0.226953 0.546528 0.133594 0.118056
2 0.287891 0.222222 0.153906 0.097222
2 0.489063 0.475000 0.232813 0.313889
1 0.576562 0.511111 0.132812 0.030556
1 0.574609 0.452083 0.144531 0.037500
1 0.574609 0.480556 0.144531 0.036111
2 0.678516 0.504167 0.166406 0.211111
2 0.811328 0.493056 0.200781 0.241667
2 0.677734 0.311806 0.167969 0.231944
2 0.119922 0.505556 0.121094 0.205556
2 0.167187 0.496528 0.167187 0.240278
2 0.173828 0.268750 0.157031 0.243056
2 0.247266 0.365278 0.186719 0.291667
2 0.338281 0.323611 0.242188 0.355556
1 0.680078 0.531944 0.128906 0.027778
1 0.680078 0.557639 0.128906 0.023611
1 0.636328 0.593056 0.039844 0.011111
1 0.621094 0.593056 0.053125 0.013889
1 0.582031 0.543056 0.071875 0.011111
1 0.556250 0.563194 0.018750 0.006944
5 0.998828 0.471528 0.000781 0.006944
1 0.907422 0.502778 0.183594 0.038889
1 0.907031 0.469444 0.181250 0.041667
