1 0.869922 0.696528 0.169531 0.068056
4 0.873047 0.657639 0.167969 0.073611
4 0.873828 0.616667 0.167969 0.069444
4 0.874219 0.572917 0.168750 0.079167
2 0.020313 0.848611 0.040625 0.300000
1 0.173047 0.618750 0.078906 0.068056
1 0.209766 0.556944 0.147656 0.055556
1 0.174219 0.585417 0.075000 0.065278
2 0.298438 0.664583 0.179688 0.281944
2 0.408984 0.727778 0.217969 0.322222
2 0.410547 0.472222 0.214844 0.291667
1 0.395313 0.663194 0.015625 0.048611
1 0.209375 0.652083 0.001563 0.001389
1 0.694531 0.685417 0.106250 0.054167
5 0.739062 0.584722 0.073438 0.155556
1 0.542969 0.679861 0.198437 0.095833
1 0.542578 0.648611 0.188281 0.072222
