2 0.015234 0.538194 0.030469 0.318056
2 0.033203 0.540278 0.066406 0.302778
2 0.042578 0.453472 0.085156 0.256944
1 0.384766 0.499306 0.117969 0.104167
2 0.407422 0.611111 0.132031 0.341667
2 0.459766 0.771528 0.189844 0.437500
2 0.413672 0.367361 0.155469 0.326389
2 0.454297 0.479861 0.207031 0.418056
1 0.530469 0.470833 0.128125 0.094444
1 0.525000 0.516667 0.135937 0.063889
1 0.509766 0.537500 0.105469 0.055556
1 0.542578 0.556250 0.039844 0.012500
1 0.444922 0.510417 0.002344 0.006944
1 0.826953 0.609722 0.125781 0.072222
5 0.995703 0.530556 0.007031 0.241667
1 0.654297 0.733333 0.197656 0.180556
1 0.654687 0.689583 0.198437 0.176389
