2 0.366016 0.877778 0.227344 0.241667
2 0.463281 0.902083 0.306250 0.193056
2 0.617578 0.940972 0.463281 0.115278
0 0.065234 0.485417 0.064844 0.040278
2 0.305859 0.768750 0.175781 0.298611
2 0.860547 0.817361 0.277344 0.362500
2 0.703516 0.875000 0.224219 0.247222
2 0.626953 0.872222 0.155469 0.213889
2 0.713672 0.616667 0.247656 0.325000
2 0.612891 0.603472 0.180469 0.237500
2 0.959766 0.922222 0.078906 0.152778
2 0.462891 0.859722 0.172656 0.277778
2 0.553516 0.875694 0.228906 0.245833
2 0.546875 0.622222 0.240625 0.352778
2 0.692578 0.894444 0.325781 0.208333
2 0.842187 0.928472 0.314063 0.140278
