2 0.965234 0.666667 0.067969 0.230556
0 0.710938 0.399306 0.039062 0.015278
0 0.620313 0.465972 0.037500 0.018056
1 0.001172 0.975694 0.002344 0.045833
4 0.000781 0.922222 0.001563 0.061111
4 0.000391 0.884028 0.000781 0.015278
4 0.000781 0.777083 0.001563 0.001389
2 0.786719 0.893056 0.250000 0.211111
2 0.702734 0.743750 0.410156 0.509722
1 0.261328 0.978472 0.053906 0.040278
0 0.298438 0.378472 0.035937 0.045833
0 0.304688 0.601389 0.031250 0.041667
1 0.434375 0.995833 0.010937 0.005556
3 0.505859 0.431944 0.135156 0.180556
1 0.523047 0.934028 0.258594 0.129167
