1 0.575781 0.742361 0.007812 0.006944
4 0.575391 0.722222 0.008594 0.033333
4 0.576562 0.680556 0.007812 0.022222
4 0.576172 0.640972 0.008594 0.056944
2 0.800000 0.963889 0.081250 0.069444
2 0.180078 0.875000 0.360156 0.247222
1 0.330078 0.997222 0.249219 0.002778
2 0.569141 0.904167 0.242969 0.188889
2 0.773828 0.884028 0.241406 0.229167
2 0.566797 0.689583 0.253906 0.354167
2 0.777344 0.658333 0.243750 0.322222
2 0.157422 0.963889 0.314844 0.069444
1 0.512891 0.822222 0.113281 0.022222
5 0.402344 0.622917 0.076563 0.090278
0 0.776563 0.418056 0.026562 0.036111
0 0.776172 0.495139 0.033594 0.048611
0 0.741797 0.499306 0.042969 0.045833
0 0.741406 0.648611 0.042188 0.036111
1 0.678516 0.845139 0.194531 0.070833
3 0.935156 0.559028 0.128125 0.331944
1 0.691016 0.814583 0.182031 0.062500
