1 0.034766 0.684722 0.069531 0.080556
1 0.053516 0.536806 0.107031 0.095833
1 0.052344 0.610417 0.104688 0.090278
2 0.192188 0.620833 0.384375 0.686111
2 0.524609 0.501389 0.664844 0.994444
2 0.193750 0.236806 0.387500 0.473611
1 0.141016 0.879861 0.111719 0.062500
1 0.042969 0.900000 0.085938 0.027778
1 0.097266 0.773611 0.194531 0.058333
1 0.097266 0.824306 0.191406 0.048611
1 0.848437 0.849306 0.301563 0.062500
5 0.892188 0.859722 0.078125 0.083333
1 0.762500 0.641667 0.473438 0.163889
1 0.756641 0.529167 0.485156 0.180556
