2 0.342187 0.777083 0.343750 0.443056
2 0.621484 0.850000 0.494531 0.297222
2 0.928516 0.966667 0.141406 0.063889
2 0.161719 0.554167 0.268750 0.447222
2 0.875781 0.658333 0.246875 0.527778
2 0.638672 0.656250 0.241406 0.337500
2 0.474219 0.565972 0.200000 0.234722
2 0.669141 0.370139 0.302344 0.406944
2 0.491406 0.315972 0.245312 0.334722
1 0.922656 0.436111 0.153125 0.044444
2 0.335938 0.555556 0.245312 0.211111
2 0.524609 0.749306 0.314844 0.498611
2 0.331250 0.339583 0.253125 0.368056
2 0.790625 0.719444 0.417187 0.558333
2 0.982422 0.808333 0.033594 0.344444
