1 0.887500 0.515278 0.223438 0.091667
4 0.892188 0.463194 0.214062 0.093056
4 0.892578 0.407639 0.213281 0.084722
4 0.892969 0.353472 0.212500 0.087500
1 0.033984 0.378472 0.046094 0.059722
1 0.078125 0.302083 0.150000 0.054167
1 0.054688 0.338889 0.100000 0.061111
2 0.119922 0.423611 0.177344 0.319444
2 0.178906 0.479861 0.226562 0.398611
2 0.115234 0.142361 0.185156 0.284722
1 0.221094 0.311806 0.129688 0.026389
1 0.220312 0.281250 0.131250 0.045833
1 0.288672 0.354861 0.000781 0.004167
1 0.655859 0.492361 0.199219 0.081944
5 0.773438 0.381250 0.046875 0.193056
1 0.391406 0.445139 0.204687 0.084722
1 0.390234 0.397917 0.203906 0.081944
