1 0.932813 0.649306 0.132812 0.084722
2 0.017578 0.906250 0.035156 0.184722
2 0.073438 0.931250 0.146875 0.134722
2 0.209375 0.709028 0.200000 0.295833
2 0.049219 0.631944 0.009375 0.005556
2 0.041406 0.589583 0.082812 0.087500
2 0.105469 0.517361 0.181250 0.229167
2 0.333984 0.861806 0.233594 0.273611
1 0.397266 0.620833 0.144531 0.075000
1 0.396484 0.570139 0.138281 0.062500
1 0.396875 0.595139 0.137500 0.070833
2 0.498828 0.669444 0.164844 0.258333
2 0.628906 0.734722 0.184375 0.294444
2 0.012109 0.909028 0.024219 0.026389
2 0.037109 0.538194 0.074219 0.223611
2 0.091797 0.790278 0.183594 0.377778
2 0.191406 0.836806 0.251563 0.323611
1 0.507812 0.599306 0.110937 0.081944
1 0.503516 0.627083 0.117969 0.076389
1 0.498437 0.654167 0.123438 0.069444
1 0.401172 0.641667 0.041406 0.030556
1 0.472656 0.563889 0.040625 0.022222
1 0.469531 0.569444 0.007812 0.005556
1 0.810156 0.646528 0.035937 0.043056
5 0.836328 0.550000 0.019531 0.130556
1 0.710938 0.690972 0.170313 0.090278
1 0.710938 0.663194 0.162500 0.079167
