2 0.017578 0.609722 0.035156 0.077778
2 0.096094 0.545139 0.060937 0.023611
2 0.080078 0.414583 0.160156 0.287500
2 0.160547 0.542361 0.174219 0.231944
2 0.237109 0.548611 0.144531 0.200000
2 0.238281 0.363194 0.143750 0.212500
2 0.017578 0.531944 0.035156 0.294444
1 0.517578 0.537500 0.100781 0.038889
1 0.514062 0.460417 0.093750 0.043056
1 0.517578 0.498611 0.100781 0.041667
2 0.492188 0.528472 0.175000 0.306944
2 0.415234 0.511111 0.247656 0.394444
2 0.148828 0.550694 0.138281 0.187500
2 0.070312 0.579861 0.140625 0.154167
2 0.184766 0.365972 0.083594 0.193056
2 0.071875 0.325694 0.143750 0.226389
2 0.015234 0.427778 0.030469 0.225000
1 0.708984 0.632639 0.167969 0.026389
1 0.682813 0.636111 0.071875 0.013889
1 0.709375 0.568056 0.157812 0.033333
1 0.709766 0.603472 0.158594 0.031944
1 0.980469 0.631944 0.037500 0.052778
1 0.662500 0.508333 0.190625 0.061111
1 0.662500 0.450694 0.206250 0.087500
