2 0.038281 0.125694 0.076563 0.034722
2 0.066797 0.135417 0.039844 0.065278
2 0.107813 0.056944 0.134375 0.113889
2 0.434766 0.098611 0.113281 0.147222
3 0.501953 0.131944 0.188281 0.263889
2 0.996875 0.254167 0.004687 0.016667
2 0.882422 0.322222 0.202344 0.258333
2 0.712500 0.227778 0.182812 0.116667
2 0.776563 0.288194 0.248438 0.295833
2 0.948047 0.380556 0.102344 0.175000
2 0.585156 0.318750 0.210938 0.204167
2 0.959375 0.222917 0.079687 0.176389
2 0.862500 0.218056 0.148438 0.194444
1 0.803516 0.867361 0.391406 0.209722
2 0.482422 0.719444 0.352344 0.530556
2 0.263672 0.599306 0.205469 0.420833
2 0.486328 0.297917 0.383594 0.520833
2 0.238672 0.231250 0.319531 0.423611
2 0.973047 0.362500 0.052344 0.213889
2 0.898047 0.348611 0.099219 0.202778
2 0.653125 0.306250 0.193750 0.229167
1 0.604688 0.967361 0.160938 0.062500
1 0.102734 0.722222 0.205469 0.172222
1 0.100391 0.657639 0.200781 0.165278
