2 0.698828 0.686111 0.242969 0.425000
2 0.728125 0.697917 0.384375 0.601389
2 0.698828 0.465278 0.207031 0.061111
2 0.726953 0.236111 0.378906 0.472222
1 0.590625 0.940278 0.609375 0.116667
1 0.071875 0.774306 0.143750 0.095833
2 0.390234 0.645139 0.221094 0.290278
1 0.030469 0.668056 0.060937 0.027778
4 0.034766 0.637500 0.069531 0.033333
4 0.048438 0.604861 0.096875 0.031944
4 0.048438 0.575694 0.096875 0.031944
0 0.269141 0.545833 0.024219 0.025000
0 0.263281 0.377083 0.023438 0.031944
3 0.480078 0.516667 0.272656 0.358333
