1 0.599609 0.986111 0.332031 0.025000
2 0.395703 0.719444 0.103906 0.191667
2 0.390234 0.740972 0.124219 0.229167
2 0.375781 0.791667 0.168750 0.322222
2 0.073828 0.634722 0.130469 0.183333
2 0.044141 0.641667 0.088281 0.222222
0 0.258594 0.464583 0.040625 0.023611
2 0.396094 0.634028 0.089063 0.181944
2 0.667969 0.648611 0.140625 0.247222
2 0.647266 0.736111 0.075781 0.194444
2 0.633594 0.706250 0.048438 0.134722
2 0.603906 0.532639 0.104688 0.168056
2 0.716016 0.786111 0.183594 0.311111
2 0.008594 0.743750 0.017188 0.231944
1 0.921875 0.718056 0.067187 0.038889
1 0.926172 0.665278 0.055469 0.016667
1 0.923828 0.688194 0.061719 0.037500
2 0.976172 0.747917 0.046094 0.181944
2 0.462109 0.711806 0.016406 0.181944
2 0.512109 0.730556 0.102344 0.213889
2 0.510938 0.527778 0.117188 0.205556
2 0.534375 0.639583 0.126562 0.231944
2 0.555859 0.659722 0.171094 0.308333
1 0.952344 0.765972 0.001563 0.001389
1 0.952734 0.727778 0.002344 0.016667
1 0.951953 0.751389 0.002344 0.025000
