2 0.028906 0.454861 0.057813 0.176389
2 0.028125 0.282639 0.056250 0.184722
1 0.163281 0.497917 0.135937 0.031944
1 0.204687 0.525694 0.054688 0.031944
1 0.104688 0.520139 0.160938 0.056944
1 0.104688 0.559722 0.151562 0.052778
2 0.915625 0.510417 0.139063 0.412500
2 0.682813 0.683333 0.062500 0.077778
2 0.558203 0.373611 0.592969 0.747222
2 0.875391 0.601389 0.247656 0.794444
2 0.876172 0.137500 0.246094 0.275000
2 0.252344 0.545833 0.420312 0.519444
2 0.919141 0.477083 0.132031 0.248611
2 0.783984 0.575000 0.403906 0.611111
2 0.432422 0.648611 0.200781 0.094444
