1 0.671484 0.834722 0.344531 0.202778
1 0.671484 0.901389 0.363281 0.194444
1 0.612891 0.943056 0.227344 0.111111
1 0.905078 0.717361 0.188281 0.120833
1 0.905078 0.779167 0.188281 0.116667
1 0.900391 0.843750 0.197656 0.118056
1 0.980859 0.600000 0.036719 0.030556
4 0.982031 0.569444 0.034375 0.036111
4 0.982422 0.538194 0.033594 0.034722
4 0.982422 0.506250 0.033594 0.034722
2 0.066016 0.575000 0.132031 0.211111
2 0.105859 0.601389 0.155469 0.244444
2 0.160547 0.633333 0.174219 0.288889
2 0.043750 0.479861 0.087500 0.173611
2 0.335938 0.492361 0.143750 0.198611
2 0.280859 0.626389 0.094531 0.050000
2 0.206250 0.591667 0.057813 0.025000
2 0.224609 0.356944 0.113281 0.100000
2 0.415234 0.603472 0.174219 0.248611
1 0.517969 0.534028 0.112500 0.031944
1 0.517969 0.485417 0.112500 0.029167
1 0.517969 0.511111 0.112500 0.027778
2 0.594531 0.551389 0.140625 0.180556
2 0.693750 0.569444 0.156250 0.202778
2 0.597656 0.387500 0.135937 0.175000
2 0.692187 0.386111 0.162500 0.197222
2 0.127344 0.542361 0.112500 0.165278
2 0.173828 0.565278 0.132031 0.194444
2 0.175000 0.385417 0.126562 0.187500
2 0.230469 0.502083 0.143750 0.218056
2 0.292969 0.517361 0.176563 0.251389
1 0.579297 0.583333 0.058594 0.025000
1 0.549219 0.580556 0.095312 0.027778
1 0.558203 0.536806 0.110156 0.026389
1 0.557031 0.558333 0.110937 0.025000
1 0.770703 0.568750 0.096094 0.023611
5 0.921484 0.536806 0.060156 0.120833
1 0.780859 0.558333 0.142969 0.038889
1 0.782813 0.529861 0.148438 0.040278
