1 0.626172 0.338889 0.067969 0.033333
4 0.628125 0.305556 0.068750 0.044444
4 0.628906 0.274306 0.068750 0.043056
4 0.622656 0.244444 0.082812 0.047222
2 0.046875 0.700694 0.093750 0.395833
2 0.211328 0.732639 0.422656 0.434722
2 0.133594 0.406944 0.267188 0.347222
2 0.007422 0.387500 0.014844 0.066667
2 0.005469 0.255556 0.010937 0.211111
2 0.371875 0.572917 0.268750 0.401389
1 0.133984 0.365278 0.177344 0.058333
1 0.130859 0.306250 0.178906 0.045833
1 0.132031 0.334722 0.178125 0.058333
2 0.296875 0.380556 0.185938 0.244444
2 0.477344 0.393750 0.178125 0.248611
2 0.476172 0.179167 0.182031 0.241667
2 0.092969 0.490278 0.185938 0.441667
2 0.305859 0.515278 0.342969 0.472222
1 0.216016 0.369444 0.132031 0.050000
1 0.272266 0.384028 0.017969 0.015278
1 0.137109 0.384028 0.005469 0.001389
1 0.040234 0.351389 0.002344 0.002778
1 0.133594 0.384028 0.003125 0.001389
1 0.534766 0.352778 0.114844 0.044444
0 0.865625 0.047222 0.032813 0.036111
0 0.861719 0.128472 0.028125 0.045833
0 0.822656 0.128472 0.039062 0.043056
0 0.817969 0.285417 0.039062 0.043056
1 0.505859 0.349306 0.147656 0.056944
3 0.986328 0.370833 0.025781 0.022222
1 0.505859 0.320139 0.155469 0.054167
