2 0.994141 0.904167 0.010156 0.188889
1 0.934766 0.565278 0.128906 0.072222
4 0.938281 0.527083 0.121875 0.073611
4 0.938672 0.487500 0.121094 0.069444
4 0.939063 0.447222 0.120313 0.075000
2 0.060937 0.453472 0.121875 0.262500
2 0.040234 0.493750 0.080469 0.223611
2 0.026172 0.429167 0.052344 0.136111
2 0.077344 0.627778 0.154688 0.352778
1 0.313281 0.459028 0.051562 0.051389
2 0.408594 0.497222 0.145313 0.238889
2 0.484375 0.547222 0.179688 0.280556
1 0.507031 0.507639 0.051562 0.051389
1 0.482422 0.481250 0.002344 0.004167
1 0.726562 0.526389 0.104688 0.038889
5 0.844922 0.437500 0.094531 0.194444
1 0.614062 0.520833 0.162500 0.072222
1 0.614062 0.490972 0.160938 0.068056
