2 0.939844 0.400000 0.118750 0.186111
1 0.967187 0.562500 0.064062 0.088889
1 0.757031 0.525000 0.156250 0.072222
2 0.670312 0.395139 0.125000 0.176389
0 0.537109 0.175694 0.033594 0.029167
0 0.473828 0.231250 0.032031 0.029167
2 0.687109 0.924306 0.413281 0.148611
2 0.832812 0.827083 0.332813 0.343056
2 0.910156 0.646528 0.178125 0.193056
2 0.216016 0.961111 0.233594 0.075000
2 0.560547 0.500000 0.000781 0.122222
2 0.161719 0.368056 0.323437 0.208333
2 0.626953 0.573611 0.130469 0.183333
2 0.057422 0.338194 0.114844 0.270833
2 0.175000 0.286806 0.231250 0.195833
2 0.457422 0.915278 0.216406 0.166667
2 0.069141 0.700000 0.138281 0.597222
2 0.297656 0.641667 0.542188 0.713889
2 0.597656 0.722222 0.342187 0.552778
2 0.745313 0.543056 0.267188 0.319444
0 0.140625 0.158333 0.028125 0.033333
0 0.125391 0.295139 0.030469 0.026389
3 0.357812 0.234722 0.135937 0.200000
