1 0.916797 0.417361 0.164844 0.145833
2 0.916406 0.222917 0.165625 0.234722
2 0.040625 0.977083 0.081250 0.043056
2 0.392578 0.877778 0.446094 0.241667
2 0.731250 0.809722 0.390625 0.377778
2 0.203906 0.599306 0.323437 0.518056
2 0.013281 0.952778 0.026562 0.033333
2 0.489063 0.606250 0.254688 0.418056
2 0.085547 0.415972 0.171094 0.334722
2 0.271484 0.337500 0.202344 0.261111
2 0.028125 0.936806 0.056250 0.106944
2 0.023828 0.684722 0.047656 0.527778
2 0.277734 0.796528 0.366406 0.404167
2 0.582422 0.744444 0.325781 0.508333
1 0.103516 0.280556 0.083594 0.061111
5 0.032422 0.160417 0.064844 0.204167
0 0.379688 0.122222 0.037500 0.033333
1 0.228516 0.302083 0.166406 0.079167
3 0.614453 0.086806 0.207031 0.173611
1 0.226953 0.275694 0.177344 0.076389
