4 0.409766 0.538889 0.016406 0.016667
4 0.444531 0.510417 0.085938 0.059722
2 0.519531 0.848611 0.425000 0.300000
2 0.837500 0.914583 0.220312 0.168056
1 0.094531 0.849306 0.189062 0.104167
1 0.096875 0.734028 0.193750 0.137500
1 0.097656 0.786111 0.195312 0.072222
2 0.352344 0.817361 0.193750 0.334722
2 0.569531 0.703472 0.231250 0.187500
2 0.331250 0.527778 0.235937 0.341667
2 0.570703 0.507639 0.236719 0.320833
2 0.131641 0.793056 0.263281 0.411111
2 0.633594 0.917361 0.551562 0.162500
2 0.908984 0.893750 0.180469 0.209722
1 0.071875 0.885417 0.068750 0.029167
1 0.365234 0.675694 0.091406 0.045833
5 0.302344 0.541667 0.035937 0.111111
0 0.709766 0.284722 0.033594 0.036111
0 0.700391 0.443750 0.030469 0.065278
1 0.513281 0.695139 0.187500 0.073611
3 0.908984 0.433333 0.180469 0.344444
1 0.520703 0.664583 0.172656 0.059722
