1 0.007812 0.662500 0.015625 0.069444
1 0.005469 0.718750 0.010937 0.048611
1 0.166797 0.861111 0.333594 0.216667
2 0.133984 0.932639 0.267969 0.131944
2 0.620703 0.361111 0.002344 0.008333
2 0.502344 0.313194 0.132812 0.215278
2 0.400781 0.361806 0.170313 0.259722
2 0.477344 0.152778 0.110937 0.150000
2 0.376563 0.174306 0.129688 0.168056
0 0.623437 0.013889 0.035937 0.022222
2 0.690234 0.131250 0.121094 0.068056
2 0.706641 0.277778 0.169531 0.252778
2 0.789062 0.320833 0.145313 0.227778
2 0.847656 0.286806 0.132812 0.206944
2 0.609375 0.420139 0.193750 0.304167
2 0.282031 0.260417 0.139063 0.187500
2 0.181641 0.288889 0.149219 0.208333
2 0.969922 0.545139 0.058594 0.318056
2 0.806641 0.264583 0.052344 0.176389
2 0.719922 0.372222 0.080469 0.027778
2 0.773828 0.109028 0.130469 0.173611
2 0.700781 0.101389 0.143750 0.144444
2 0.606641 0.257639 0.163281 0.234722
2 0.498437 0.296528 0.189062 0.270833
