2 0.334375 0.423611 0.125000 0.152778
2 0.432812 0.415278 0.117188 0.155556
1 0.555859 0.434722 0.105469 0.041667
1 0.555859 0.455556 0.110156 0.041667
2 0.743750 0.356250 0.115625 0.151389
3 0.808594 0.371528 0.217188 0.343056
1 0.573828 0.527778 0.117969 0.066667
1 0.418750 0.547222 0.121875 0.075000
1 0.421875 0.572917 0.126562 0.048611
2 0.175391 0.413889 0.127344 0.033333
2 0.942969 0.484722 0.067187 0.022222
2 0.944531 0.625694 0.109375 0.343056
2 0.830859 0.668056 0.235156 0.313889
2 0.573047 0.861111 0.264844 0.275000
2 0.445312 0.825694 0.246875 0.345833
2 0.430078 0.533333 0.282031 0.438889
2 0.995313 0.815278 0.007812 0.030556
2 0.889844 0.649306 0.153125 0.323611
1 0.204297 0.940278 0.263281 0.116667
1 0.202344 0.900000 0.284375 0.197222
