2 0.003906 0.206944 0.007812 0.075000
3 0.067187 0.243056 0.134375 0.347222
2 0.651172 0.506250 0.182031 0.259722
2 0.508984 0.504861 0.060156 0.268056
2 0.235156 0.380556 0.117188 0.069444
2 0.879297 0.263889 0.139844 0.116667
2 0.671484 0.293056 0.132031 0.194444
0 0.992578 0.152778 0.013281 0.041667
2 0.891016 0.442361 0.202344 0.295833
2 0.348047 0.528472 0.252344 0.362500
2 0.611719 0.686806 0.242188 0.398611
2 0.871484 0.726389 0.255469 0.425000
2 0.540625 0.345139 0.132812 0.173611
2 0.411328 0.291667 0.136719 0.083333
1 0.675000 0.993750 0.001563 0.009722
2 0.123047 0.959028 0.246094 0.079167
2 0.141797 0.699306 0.283594 0.598611
2 0.892578 0.632639 0.213281 0.365278
2 0.633594 0.583333 0.210938 0.277778
2 0.897266 0.363889 0.203906 0.333333
2 0.637891 0.342361 0.217969 0.315278
2 0.401953 0.453472 0.219531 0.301389
2 0.205078 0.361111 0.221094 0.144444
