3 0.013672 0.301389 0.027344 0.327778
2 0.605469 0.456944 0.175000 0.177778
2 0.396875 0.452083 0.181250 0.176389
2 0.214844 0.481250 0.192188 0.243056
2 0.783594 0.336806 0.140625 0.181944
2 0.593750 0.329167 0.126562 0.169444
0 0.909375 0.154861 0.037500 0.031944
2 0.832031 0.403472 0.193750 0.256944
2 0.332813 0.463194 0.243750 0.326389
2 0.610156 0.484722 0.231250 0.125000
2 0.864453 0.594444 0.258594 0.333333
2 0.868359 0.313194 0.261719 0.331944
2 0.117578 0.575694 0.235156 0.329167
2 0.460547 0.403472 0.128906 0.179167
2 0.330078 0.400694 0.130469 0.176389
1 0.606641 0.968750 0.410156 0.059722
2 0.191016 0.795833 0.382031 0.405556
2 0.866406 0.556250 0.215625 0.226389
2 0.608203 0.469444 0.199219 0.155556
2 0.869531 0.288194 0.232813 0.251389
2 0.374609 0.518750 0.207031 0.262500
2 0.164844 0.510417 0.221875 0.254167
