1 0.922656 0.909722 0.153125 0.177778
1 0.830078 0.667361 0.235156 0.154167
2 0.942969 0.472222 0.112500 0.305556
1 0.302734 0.411806 0.127344 0.040278
2 0.009375 0.559028 0.018750 0.373611
2 0.097656 0.440278 0.195312 0.269444
2 0.094922 0.193750 0.189844 0.268056
1 0.028516 0.426389 0.044531 0.025000
5 0.177734 0.386806 0.019531 0.037500
0 0.558594 0.106944 0.020313 0.036111
0 0.535937 0.270139 0.032813 0.059722
1 0.141797 0.405556 0.182031 0.050000
3 0.812500 0.264583 0.287500 0.370833
1 0.140625 0.371528 0.181250 0.045833
