2 0.080469 0.034722 0.150000 0.069444
2 0.222656 0.051389 0.137500 0.102778
1 0.402734 0.031944 0.122656 0.038889
1 0.403516 0.063889 0.122656 0.030556
1 0.403906 0.091667 0.121875 0.030556
2 0.566016 0.018056 0.027344 0.036111
3 0.539062 0.104167 0.332813 0.208333
1 0.158594 0.072222 0.168750 0.066667
1 0.161328 0.109722 0.157031 0.063889
1 0.162891 0.144444 0.166406 0.075000
2 0.046875 0.631944 0.093750 0.733333
2 0.107031 0.525694 0.214062 0.895833
2 0.120703 0.297917 0.241406 0.568056
2 0.965234 0.341667 0.067969 0.558333
2 0.884766 0.273611 0.228906 0.538889
2 0.002734 0.175000 0.005469 0.033333
