1 0.945312 0.690278 0.107813 0.130556
1 0.944922 0.730556 0.108594 0.119444
1 0.941797 0.765972 0.114844 0.126389
2 0.947266 0.545139 0.103906 0.201389
1 0.233203 0.508333 0.002344 0.019444
2 0.722656 0.976389 0.153125 0.044444
2 0.251563 0.827083 0.273438 0.343056
2 0.032422 0.925000 0.064844 0.147222
2 0.509766 0.858333 0.244531 0.280556
1 0.021484 0.760417 0.042969 0.048611
2 0.155078 0.720139 0.185156 0.276389
2 0.344922 0.658333 0.177344 0.225000
2 0.148438 0.495833 0.192188 0.288889
2 0.341016 0.464583 0.182031 0.268056
2 0.061328 0.996528 0.017969 0.004167
2 0.289844 0.947222 0.303125 0.102778
2 0.587500 0.907639 0.300000 0.181944
1 0.017578 0.768056 0.035156 0.027778
1 0.114844 0.594444 0.129688 0.061111
5 0.149219 0.388889 0.060937 0.038889
0 0.500000 0.218056 0.021875 0.033333
0 0.499219 0.294444 0.029687 0.027778
0 0.467187 0.298611 0.034375 0.027778
0 0.468750 0.433333 0.034375 0.030556
1 0.315234 0.602778 0.142969 0.069444
3 0.695703 0.336806 0.203906 0.301389
1 0.311328 0.575000 0.158594 0.072222
