2 0.997266 0.931250 0.003906 0.134722
1 0.848047 0.665972 0.135156 0.056944
4 0.843359 0.629861 0.146094 0.065278
4 0.843750 0.593056 0.146875 0.061111
4 0.844141 0.554861 0.146094 0.068056
2 0.029687 0.588889 0.059375 0.266667
2 0.062891 0.748611 0.125781 0.327778
1 0.250781 0.587500 0.107813 0.050000
2 0.330859 0.625694 0.150781 0.229167
2 0.418750 0.670139 0.181250 0.265278
2 0.326953 0.436111 0.157031 0.211111
2 0.420703 0.454861 0.177344 0.243056
1 0.373828 0.634722 0.135156 0.058333
1 0.331641 0.623611 0.116406 0.041667
1 0.682422 0.653472 0.132031 0.056944
5 0.747266 0.547222 0.057031 0.180556
1 0.537500 0.637500 0.157812 0.066667
1 0.538281 0.607639 0.168750 0.065278
