3 0.190234 0.838194 0.380469 0.320833
2 0.249609 0.576389 0.136719 0.236111
2 0.307812 0.641667 0.159375 0.261111
2 0.380859 0.733333 0.183594 0.322222
0 0.023828 0.278472 0.041406 0.031944
2 0.200000 0.452083 0.117188 0.206944
2 0.519531 0.509028 0.153125 0.229167
2 0.440625 0.429167 0.004687 0.002778
2 0.382812 0.475694 0.114062 0.159722
2 0.612891 0.670833 0.180469 0.302778
1 0.673438 0.483333 0.118750 0.058333
1 0.674219 0.437500 0.118750 0.050000
1 0.673828 0.459028 0.117969 0.056944
2 0.761719 0.526389 0.151562 0.213889
2 0.875391 0.581250 0.172656 0.245833
2 0.290234 0.514583 0.114844 0.181944
2 0.335938 0.563889 0.109375 0.219444
2 0.290234 0.352778 0.117969 0.188889
2 0.348047 0.388194 0.133594 0.215278
2 0.420312 0.541667 0.151562 0.263889
2 0.503906 0.611806 0.187500 0.312500
1 0.763281 0.522917 0.107813 0.056944
1 0.702344 0.502083 0.112500 0.048611
1 0.746094 0.459028 0.028125 0.026389
1 0.708984 0.477778 0.100781 0.041667
1 0.939844 0.555556 0.118750 0.072222
1 0.938281 0.530556 0.121875 0.072222
