2 0.707031 0.341667 0.129688 0.169444
2 0.838672 0.355556 0.132031 0.186111
1 0.976172 0.440278 0.046094 0.052778
1 0.797266 0.434722 0.139844 0.077778
1 0.796094 0.473611 0.148438 0.077778
1 0.795703 0.503472 0.138281 0.084722
1 0.541797 0.394444 0.142969 0.022222
2 0.426563 0.337500 0.123438 0.141667
0 0.271484 0.141667 0.036719 0.011111
2 0.684766 0.916667 0.478906 0.163889
2 0.759375 0.788889 0.357812 0.419444
2 0.813281 0.731944 0.248438 0.533333
2 0.189062 0.569444 0.378125 0.463889
2 0.015625 0.785417 0.029687 0.031944
2 0.053125 0.468750 0.106250 0.643056
2 0.004297 0.406944 0.008594 0.022222
2 0.380859 0.910417 0.161719 0.176389
2 0.229687 0.542361 0.459375 0.912500
2 0.430078 0.677778 0.411719 0.641667
2 0.585938 0.535417 0.267188 0.479167
3 0.067187 0.254861 0.134375 0.331944
