4 0.612500 0.543056 0.001563 0.013889
4 0.612109 0.521528 0.002344 0.026389
4 0.612500 0.497917 0.003125 0.006944
2 0.321484 0.832639 0.288281 0.331944
2 0.077344 0.906944 0.154688 0.183333
2 0.073438 0.712500 0.146875 0.436111
2 0.636719 0.897917 0.285938 0.201389
1 0.146094 0.722222 0.192188 0.091667
2 0.341797 0.711806 0.178906 0.268056
2 0.550781 0.714583 0.178125 0.273611
2 0.551562 0.496528 0.181250 0.265278
2 0.050000 0.974306 0.100000 0.048611
2 0.308594 0.968056 0.310937 0.061111
2 0.671875 0.961806 0.317188 0.073611
1 0.207031 0.729861 0.121875 0.109722
1 0.039453 0.762500 0.067969 0.013889
1 0.397266 0.620833 0.121094 0.041667
5 0.422266 0.424306 0.047656 0.026389
0 0.798047 0.284028 0.024219 0.034722
0 0.773828 0.433333 0.050781 0.061111
1 0.535937 0.643750 0.148438 0.070833
3 0.949609 0.438889 0.099219 0.327778
1 0.535547 0.615278 0.147656 0.061111
