1 0.090234 0.509028 0.180469 0.062500
1 0.085938 0.572917 0.171875 0.065278
2 0.659766 0.526389 0.074219 0.091667
2 0.582031 0.509028 0.151562 0.137500
2 0.459766 0.480556 0.166406 0.205556
2 0.594141 0.467361 0.057031 0.054167
2 0.489453 0.427083 0.100781 0.134722
0 0.746094 0.295833 0.026562 0.019444
2 0.800391 0.377778 0.107031 0.075000
2 0.743750 0.384722 0.181250 0.222222
2 0.855859 0.481250 0.158594 0.198611
2 0.930078 0.483333 0.125781 0.180556
2 0.929297 0.322222 0.125781 0.180556
2 0.616406 0.473611 0.193750 0.244444
2 0.402734 0.490278 0.122656 0.150000
2 0.299219 0.488889 0.131250 0.161111
2 0.931641 0.450694 0.135156 0.334722
2 0.935937 0.168750 0.126562 0.337500
2 0.882031 0.488889 0.106250 0.166667
2 0.771094 0.488889 0.148438 0.175000
2 0.865625 0.327083 0.137500 0.176389
2 0.657031 0.394444 0.164062 0.202778
2 0.531250 0.383333 0.181250 0.225000
