2 0.072656 0.761111 0.145313 0.241667
2 0.217578 0.727083 0.161719 0.234722
2 0.071484 0.561111 0.142969 0.230556
1 0.455078 0.767361 0.041406 0.054167
2 0.663672 0.644444 0.160156 0.222222
3 0.730078 0.693056 0.333594 0.536111
1 0.355078 0.786111 0.160156 0.105556
1 0.358203 0.741667 0.172656 0.113889
1 0.353906 0.829167 0.159375 0.105556
1 0.354687 0.870833 0.159375 0.111111
1 0.354687 0.909722 0.159375 0.116667
1 0.355078 0.943750 0.158594 0.109722
1 0.063672 0.983333 0.127344 0.030556
2 0.917188 0.972222 0.160938 0.052778
