2 0.337109 0.354861 0.117969 0.156944
2 0.453516 0.352778 0.117969 0.158333
1 0.580859 0.385417 0.075781 0.034722
1 0.580469 0.410417 0.076563 0.031944
2 0.759375 0.288889 0.034375 0.141667
3 0.798047 0.301389 0.219531 0.397222
1 0.523828 0.463194 0.107031 0.062500
1 0.293359 0.454167 0.152344 0.061111
1 0.293750 0.488194 0.151562 0.056944
2 0.099219 0.401389 0.114062 0.208333
2 0.932031 0.632639 0.092188 0.395833
2 0.817969 0.452778 0.159375 0.141667
2 0.633984 0.565972 0.344531 0.548611
2 0.805859 0.796528 0.386719 0.404167
2 0.945312 0.918056 0.107813 0.161111
2 0.808594 0.410417 0.381250 0.820833
2 0.510547 0.609722 0.216406 0.427778
2 0.000391 0.713889 0.000781 0.008333
2 0.939063 0.870139 0.120313 0.256944
2 0.946875 0.313194 0.104688 0.531944
2 0.842969 0.693750 0.312500 0.504167
2 0.709766 0.588194 0.232031 0.404167
