2 0.453906 0.400000 0.120313 0.161111
3 0.432812 0.389583 0.250000 0.415278
2 0.717187 0.714583 0.564063 0.568056
2 0.471094 0.691667 0.348438 0.552778
2 0.360938 0.614583 0.210938 0.398611
2 0.909375 0.499306 0.179688 0.998611
2 0.138672 0.929167 0.277344 0.138889
2 0.001172 0.247917 0.002344 0.165278
2 0.134375 0.478472 0.268750 0.956944
2 0.951953 0.575000 0.094531 0.333333
2 0.864844 0.561111 0.248438 0.316667
2 0.559766 0.745139 0.621094 0.506944
2 0.432031 0.719444 0.364063 0.558333
2 0.350781 0.238194 0.585938 0.476389
2 0.207031 0.466667 0.310937 0.588889
2 0.105078 0.285417 0.028906 0.073611
