3 0.114062 0.499306 0.228125 0.998611
1 0.995703 0.931944 0.007031 0.108333
1 0.995313 0.991667 0.007812 0.013889
2 0.245312 0.557639 0.040625 0.256944
2 0.303125 0.620833 0.156250 0.377778
2 0.437109 0.440972 0.194531 0.240278
2 0.330078 0.522222 0.153906 0.197222
2 0.278906 0.504861 0.107813 0.165278
2 0.331641 0.318056 0.158594 0.213889
2 0.278125 0.328472 0.107813 0.190278
2 0.555859 0.581944 0.232031 0.308333
1 0.604297 0.508333 0.144531 0.036111
1 0.608203 0.452778 0.130469 0.027778
1 0.608203 0.480556 0.130469 0.033333
2 0.712109 0.526389 0.167969 0.208333
2 0.849219 0.543056 0.203125 0.238889
2 0.852344 0.316667 0.200000 0.238889
2 0.264453 0.536111 0.078906 0.225000
2 0.314063 0.450000 0.179688 0.277778
2 0.418359 0.458333 0.246094 0.336111
1 0.694922 0.563889 0.053906 0.027778
1 0.633203 0.565278 0.128906 0.033333
1 0.637109 0.513889 0.121094 0.027778
1 0.635156 0.538194 0.125000 0.026389
1 0.944531 0.565278 0.109375 0.025000
1 0.921484 0.529167 0.155469 0.044444
1 0.923438 0.496528 0.151562 0.040278
