1 0.951172 0.751389 0.096094 0.058333
2 0.805078 0.650000 0.110156 0.188889
2 0.992969 0.938194 0.012500 0.120833
2 0.989844 0.950000 0.018750 0.075000
2 0.961719 0.507639 0.075000 0.509722
2 0.997656 0.991667 0.003125 0.005556
1 0.132422 0.946528 0.222656 0.104167
2 0.297656 0.808333 0.339062 0.380556
2 0.450391 0.797917 0.255469 0.401389
2 0.456250 0.444444 0.267188 0.377778
0 0.186328 0.371528 0.041406 0.020833
0 0.142187 0.572222 0.001563 0.002778
1 0.302344 0.758333 0.170313 0.088889
3 0.404687 0.550000 0.121875 0.327778
1 0.302344 0.712500 0.170313 0.083333
