1 0.593750 0.929861 0.201563 0.137500
1 0.609766 0.952778 0.169531 0.091667
1 0.677734 0.986806 0.030469 0.023611
2 0.905078 0.875694 0.188281 0.245833
1 0.578906 0.622917 0.101562 0.054167
2 0.015625 0.691667 0.031250 0.208333
2 0.070703 0.836806 0.141406 0.312500
1 0.107422 0.633333 0.125781 0.044444
2 0.195312 0.654861 0.137500 0.206944
2 0.303906 0.695833 0.153125 0.208333
2 0.300781 0.522917 0.156250 0.209722
2 0.016797 0.879861 0.033594 0.237500
1 0.189453 0.652778 0.082031 0.063889
1 0.133984 0.645833 0.103906 0.047222
1 0.486719 0.643056 0.085938 0.041667
5 0.491406 0.515278 0.046875 0.100000
0 0.789453 0.391667 0.024219 0.036111
0 0.788281 0.474306 0.031250 0.031944
0 0.751563 0.470139 0.037500 0.029167
0 0.750391 0.613889 0.038281 0.033333
1 0.411719 0.656250 0.064062 0.048611
3 0.931641 0.586111 0.135156 0.369444
1 0.413672 0.631250 0.067969 0.051389
