1 0.359766 0.925000 0.719531 0.147222
1 0.650391 0.782639 0.344531 0.179167
1 0.650781 0.879167 0.345313 0.188889
1 0.660937 0.925000 0.323437 0.147222
1 0.801562 0.960417 0.064062 0.076389
1 0.577734 0.673611 0.135156 0.044444
2 0.088281 0.647917 0.176563 0.240278
2 0.213672 0.663889 0.214844 0.263889
2 0.216016 0.419444 0.208594 0.258333
1 0.345703 0.662500 0.136719 0.025000
5 0.460547 0.589583 0.080469 0.173611
0 0.848828 0.337500 0.028906 0.041667
0 0.848828 0.445833 0.036719 0.030556
0 0.802344 0.447222 0.046875 0.027778
0 0.825781 0.627083 0.003125 0.018056
1 0.321875 0.640972 0.175000 0.045833
3 0.975781 0.731250 0.012500 0.018056
1 0.322266 0.606250 0.185156 0.043056
