2 0.231641 0.466667 0.058594 0.208333
2 0.125000 0.491667 0.176563 0.227778
2 0.246094 0.289583 0.029687 0.079167
0 0.555469 0.172917 0.032813 0.018056
2 0.723437 0.465278 0.001563 0.002778
2 0.551953 0.210417 0.180469 0.056944
2 0.203516 0.538194 0.211719 0.268056
2 0.194922 0.393750 0.099219 0.151389
2 0.056641 0.413194 0.113281 0.179167
1 0.870703 0.595833 0.127344 0.080556
1 0.819531 0.524306 0.193750 0.070833
1 0.867969 0.560417 0.120313 0.093056
2 0.732422 0.551389 0.022656 0.150000
2 0.320703 0.672222 0.116406 0.261111
2 0.413281 0.396528 0.312500 0.398611
2 0.251953 0.395833 0.021094 0.205556
2 0.156250 0.423611 0.193750 0.255556
1 0.385937 0.747917 0.043750 0.048611
