1 0.859375 0.690278 0.168750 0.088889
2 0.014063 0.761111 0.028125 0.344444
2 0.096094 0.871528 0.192188 0.254167
1 0.204687 0.670833 0.171875 0.069444
2 0.325000 0.714583 0.207813 0.312500
2 0.483203 0.788889 0.235156 0.341667
2 0.480469 0.518750 0.242188 0.320833
1 0.332422 0.675694 0.161719 0.087500
1 0.335156 0.709028 0.165625 0.079167
1 0.215625 0.697222 0.073438 0.041667
1 0.700391 0.682639 0.022656 0.040278
5 0.727734 0.569444 0.067969 0.202778
1 0.590625 0.722222 0.200000 0.088889
1 0.590625 0.692361 0.198437 0.070833
