2 0.105078 0.399306 0.150781 0.201389
3 0.292969 0.331250 0.120313 0.323611
1 0.186719 0.593750 0.098437 0.056944
1 0.344141 0.527083 0.233594 0.076389
1 0.344141 0.586806 0.233594 0.090278
1 0.259766 0.652083 0.049219 0.093056
2 0.053125 0.571528 0.106250 0.659722
2 0.948438 0.475694 0.101562 0.193056
2 0.841797 0.490278 0.197656 0.230556
2 0.985938 0.364583 0.026562 0.059722
2 0.903906 0.405556 0.140625 0.155556
2 0.949219 0.502778 0.100000 0.297222
2 0.791797 0.473611 0.139844 0.155556
2 0.673438 0.478472 0.139063 0.168056
2 0.995313 0.443056 0.007812 0.119444
2 0.905469 0.495833 0.187500 0.261111
