2 0.085156 0.499306 0.170313 0.998611
3 0.205469 0.499306 0.250000 0.998611
1 0.977734 0.974306 0.042969 0.048611
2 0.336719 0.713194 0.018750 0.176389
2 0.372656 0.726389 0.090625 0.227778
2 0.418750 0.771528 0.184375 0.318056
2 0.185547 0.551389 0.013281 0.027778
2 0.575781 0.629167 0.173437 0.230556
2 0.486719 0.709028 0.137500 0.193056
2 0.430078 0.697917 0.116406 0.143056
2 0.485156 0.516667 0.139063 0.191667
2 0.426953 0.526389 0.110156 0.169444
2 0.676172 0.750694 0.205469 0.276389
1 0.750391 0.693750 0.119531 0.031944
2 0.845703 0.711806 0.163281 0.198611
2 0.939063 0.726389 0.120313 0.227778
2 0.845313 0.520833 0.164062 0.197222
2 0.936719 0.507639 0.125000 0.226389
2 0.358594 0.697917 0.060937 0.145833
2 0.390234 0.709722 0.125781 0.194444
2 0.392969 0.512500 0.129688 0.200000
2 0.451953 0.727778 0.171094 0.230556
2 0.554297 0.760417 0.207031 0.295833
1 0.833203 0.731944 0.094531 0.036111
1 0.833594 0.754167 0.093750 0.022222
1 0.751953 0.750000 0.074219 0.022222
