1 0.973437 0.781944 0.051562 0.025000
2 0.893359 0.627778 0.161719 0.230556
0 0.698047 0.364583 0.033594 0.012500
0 0.614453 0.431944 0.038281 0.016667
2 0.679688 0.836806 0.639062 0.323611
2 0.340625 0.643056 0.681250 0.711111
2 0.077734 0.877778 0.155469 0.241667
2 0.258594 0.831250 0.331250 0.334722
2 0.076953 0.604861 0.153906 0.393056
2 0.255078 0.573611 0.335156 0.363889
2 0.976562 0.969444 0.045312 0.058333
0 0.200781 0.510417 0.070312 0.068056
1 0.129688 0.834028 0.259375 0.118056
3 0.471875 0.522917 0.170313 0.279167
1 0.128906 0.773611 0.257812 0.113889
