1 0.460547 0.596528 0.141406 0.079167
2 0.032813 0.808333 0.065625 0.350000
2 0.148828 0.837500 0.271094 0.322222
2 0.138672 0.580556 0.277344 0.375000
1 0.003906 0.617361 0.007812 0.034722
1 0.003906 0.655556 0.007812 0.044444
1 0.007031 0.692361 0.014063 0.040278
1 0.007031 0.711806 0.014063 0.023611
5 0.323047 0.481944 0.071094 0.191667
0 0.765625 0.274306 0.026562 0.048611
0 0.767969 0.484028 0.020313 0.040278
1 0.316406 0.738194 0.073438 0.115278
3 0.946094 0.664583 0.106250 0.148611
1 0.313672 0.700000 0.067969 0.102778
