4 0.925781 0.982639 0.062500 0.031944
4 0.947266 0.956944 0.103906 0.083333
4 0.947656 0.898611 0.103125 0.133333
1 0.112891 0.964583 0.189844 0.068056
1 0.111719 0.902778 0.203125 0.127778
1 0.112891 0.940278 0.202344 0.116667
2 0.210938 0.930556 0.243750 0.136111
2 0.345313 0.988889 0.065625 0.019444
1 0.302734 0.950000 0.189844 0.097222
1 0.294531 0.983333 0.217188 0.030556
1 0.235547 0.952083 0.121094 0.093056
1 0.266797 0.889583 0.110156 0.073611
1 0.267188 0.910417 0.109375 0.076389
5 0.820703 0.875694 0.096094 0.223611
