1 0.712109 0.971528 0.030469 0.054167
2 0.016797 0.587500 0.033594 0.158333
2 0.014844 0.439583 0.029687 0.156944
1 0.230078 0.636111 0.013281 0.036111
2 0.084766 0.708333 0.169531 0.250000
2 0.033203 0.746528 0.066406 0.226389
2 0.083984 0.505556 0.167969 0.241667
1 0.286719 0.744444 0.159375 0.072222
1 0.326172 0.708333 0.149219 0.058333
1 0.447656 0.901389 0.159375 0.086111
5 0.708984 0.679861 0.069531 0.109722
0 0.625391 0.551389 0.075781 0.141667
1 0.121094 0.806944 0.217188 0.119444
3 0.146094 0.900694 0.292187 0.195833
1 0.121875 0.771528 0.204687 0.112500
