2 0.124609 0.738194 0.147656 0.209722
2 0.255469 0.715278 0.139063 0.194444
1 0.411719 0.709722 0.125000 0.055556
1 0.412109 0.735417 0.124219 0.051389
1 0.415234 0.756944 0.117969 0.041667
2 0.628906 0.644444 0.137500 0.186111
3 0.683203 0.677778 0.271094 0.433333
1 0.380078 0.814583 0.139844 0.098611
1 0.379688 0.851389 0.131250 0.083333
1 0.380078 0.882639 0.139844 0.095833
1 0.125781 0.945833 0.198437 0.105556
2 0.971875 0.986111 0.054688 0.025000
2 0.860938 0.921528 0.276562 0.154167
2 0.762891 0.952083 0.344531 0.093056
2 0.523047 0.968750 0.233594 0.059722
2 0.725781 0.943056 0.301563 0.111111
