3 0.209375 0.959722 0.418750 0.077778
1 0.803906 0.790972 0.390625 0.151389
1 0.910547 0.518750 0.177344 0.090278
1 0.905859 0.588194 0.186719 0.081944
1 0.906250 0.656944 0.185938 0.075000
1 0.911719 0.708333 0.175000 0.025000
1 0.699609 0.711806 0.128906 0.018056
2 0.039844 0.414583 0.079687 0.120833
2 0.119531 0.610417 0.239063 0.340278
1 0.237500 0.638194 0.001563 0.026389
2 0.297656 0.636111 0.126562 0.213889
2 0.412891 0.632639 0.188281 0.234722
2 0.276562 0.441667 0.173437 0.227778
2 0.050781 0.598611 0.101562 0.372222
1 0.283203 0.632639 0.092969 0.029167
1 0.277734 0.659722 0.082031 0.027778
1 0.277344 0.686806 0.082812 0.026389
1 0.275781 0.715972 0.085938 0.029167
1 0.503906 0.702083 0.137500 0.026389
5 0.592578 0.645139 0.049219 0.159722
0 0.960938 0.384028 0.026562 0.037500
1 0.492188 0.637500 0.168750 0.033333
1 0.491797 0.606250 0.161719 0.034722
