2 0.308203 0.100694 0.172656 0.201389
2 0.470313 0.090278 0.165625 0.180556
1 0.689844 0.125694 0.123438 0.070833
2 0.929688 0.063889 0.106250 0.127778
3 0.920312 0.174306 0.157812 0.348611
1 0.611328 0.204861 0.174219 0.123611
1 0.611719 0.248611 0.184375 0.136111
1 0.609766 0.298611 0.171094 0.119444
1 0.260156 0.272222 0.250000 0.144444
1 0.262500 0.332639 0.246875 0.123611
1 0.265234 0.384028 0.257031 0.131944
2 0.016797 0.194444 0.033594 0.347222
2 0.783203 0.749306 0.432031 0.498611
2 0.950000 0.536111 0.098437 0.675000
