1 0.964063 0.818056 0.070312 0.052778
2 0.992969 0.672222 0.012500 0.144444
0 0.989453 0.629167 0.019531 0.030556
1 0.304688 0.824306 0.057813 0.026389
4 0.306250 0.788194 0.059375 0.037500
4 0.313672 0.751389 0.046094 0.036111
4 0.314063 0.718056 0.045312 0.036111
2 0.143359 0.516667 0.286719 0.963889
2 0.114844 0.727778 0.229687 0.186111
2 0.020313 0.723611 0.040625 0.175000
2 0.124609 0.723611 0.150781 0.175000
2 0.148828 0.347917 0.297656 0.654167
1 0.097266 0.805556 0.124219 0.011111
0 0.539453 0.513889 0.030469 0.033333
0 0.546484 0.690972 0.025781 0.026389
3 0.789844 0.663194 0.270313 0.348611
