1 0.993750 0.583333 0.010937 0.016667
2 0.994141 0.459028 0.010156 0.176389
0 0.992578 0.220833 0.013281 0.027778
0 0.941406 0.288194 0.037500 0.029167
2 0.020703 0.811111 0.041406 0.375000
2 0.381250 0.786806 0.479687 0.423611
2 0.783984 0.768750 0.430469 0.459722
2 0.264844 0.522917 0.304688 0.398611
2 0.023828 0.683333 0.047656 0.386111
2 0.018359 0.322222 0.036719 0.427778
2 0.553906 0.643056 0.295312 0.383333
1 0.026172 0.540278 0.052344 0.069444
1 0.042578 0.459722 0.014844 0.052778
1 0.042969 0.497917 0.017188 0.062500
2 0.178125 0.536111 0.193750 0.280556
2 0.382812 0.481944 0.185938 0.188889
2 0.174609 0.294444 0.197656 0.266667
2 0.383203 0.290972 0.192969 0.251389
2 0.022656 0.770139 0.045312 0.456944
2 0.304297 0.611111 0.371094 0.541667
2 0.657422 0.552083 0.361719 0.443056
1 0.026953 0.578472 0.047656 0.037500
1 0.025391 0.602083 0.050781 0.054167
1 0.347656 0.497917 0.079687 0.006944
5 0.188281 0.431944 0.037500 0.130556
0 0.558203 0.194444 0.030469 0.030556
0 0.557422 0.268056 0.030469 0.038889
0 0.524609 0.268750 0.038281 0.040278
0 0.523047 0.412500 0.032031 0.041667
1 0.352734 0.484722 0.157031 0.044444
3 0.769141 0.329167 0.213281 0.300000
1 0.354687 0.453472 0.162500 0.048611
