1 0.971484 0.923611 0.055469 0.075000
1 0.968359 0.960417 0.061719 0.076389
2 0.978125 0.793056 0.042188 0.191667
0 0.982422 0.536111 0.033594 0.013889
0 0.925781 0.597222 0.035937 0.019444
2 0.158594 0.862500 0.298438 0.272222
2 0.344141 0.930556 0.049219 0.136111
1 0.004297 0.884028 0.008594 0.048611
1 0.004297 0.798611 0.008594 0.044444
2 0.129688 0.758333 0.115625 0.019444
2 0.337891 0.845139 0.182031 0.245833
2 0.127734 0.645139 0.191406 0.248611
2 0.172656 0.887500 0.345313 0.222222
2 0.535937 0.874306 0.337500 0.248611
1 0.004687 0.886111 0.009375 0.050000
5 0.177734 0.690972 0.044531 0.045833
0 0.542188 0.495833 0.029687 0.030556
0 0.541016 0.574306 0.028906 0.023611
0 0.507812 0.575694 0.035937 0.023611
0 0.508984 0.717361 0.035156 0.026389
1 0.342578 0.808333 0.052344 0.058333
3 0.752734 0.629167 0.219531 0.300000
1 0.315625 0.778472 0.160938 0.051389
