2 0.067969 0.306944 0.135937 0.261111
3 0.257812 0.290278 0.198437 0.527778
1 0.315625 0.680556 0.206250 0.166667
1 0.486328 0.864583 0.197656 0.268056
1 0.467969 0.900000 0.140625 0.197222
2 0.472266 0.990278 0.022656 0.016667
2 0.969531 0.302083 0.059375 0.176389
2 0.910156 0.339583 0.175000 0.240278
2 0.792188 0.379861 0.184375 0.265278
2 0.895312 0.122917 0.125000 0.162500
2 0.785156 0.145139 0.129688 0.173611
2 0.939453 0.498611 0.119531 0.325000
2 0.687891 0.225694 0.133594 0.187500
2 0.591016 0.250000 0.128906 0.197222
2 0.955078 0.395833 0.088281 0.241667
2 0.884375 0.436111 0.206250 0.294444
