2 0.162109 0.882639 0.324219 0.231944
2 0.455078 0.943056 0.391406 0.111111
2 0.026172 0.715972 0.052344 0.287500
2 0.693750 0.768056 0.325000 0.461111
2 0.403516 0.803472 0.255469 0.384722
2 0.228125 0.718056 0.253125 0.302778
1 0.648047 0.556944 0.196094 0.055556
1 0.648047 0.576389 0.196094 0.044444
2 0.839453 0.636806 0.213281 0.204167
2 0.977344 0.669444 0.043750 0.172222
2 0.845703 0.438889 0.221094 0.294444
2 0.980859 0.455556 0.036719 0.297222
2 0.107422 0.726389 0.214844 0.230556
2 0.296484 0.837500 0.325781 0.322222
2 0.596094 0.800694 0.389062 0.395833
2 0.888281 0.840972 0.221875 0.315278
1 0.767578 0.593056 0.044531 0.016667
1 0.543359 0.579861 0.002344 0.001389
1 0.957031 0.611806 0.073438 0.045833
1 0.994922 0.651389 0.008594 0.038889
1 0.995703 0.618056 0.007031 0.030556
