1 0.554297 0.861806 0.602344 0.273611
1 0.551172 0.786111 0.586719 0.425000
1 0.266797 0.951389 0.003906 0.066667
2 0.032422 0.221528 0.064844 0.256944
2 0.012109 0.292361 0.024219 0.312500
2 0.041406 0.088194 0.082812 0.176389
2 0.246875 0.171528 0.153125 0.295833
2 0.243750 0.205556 0.106250 0.213889
2 0.243359 0.123611 0.085156 0.050000
2 0.238672 0.058333 0.114844 0.116667
2 0.238672 0.027083 0.088281 0.054167
2 0.248828 0.360417 0.182031 0.376389
1 0.594922 0.181944 0.132031 0.066667
2 0.653125 0.237500 0.159375 0.275000
2 0.725391 0.312500 0.211719 0.336111
2 0.128906 0.154167 0.093750 0.197222
2 0.116016 0.211806 0.125781 0.248611
2 0.092969 0.278472 0.160938 0.301389
2 0.080469 0.377083 0.160938 0.390278
1 0.725781 0.136806 0.150000 0.054167
1 0.726953 0.104861 0.152344 0.054167
1 0.725781 0.166667 0.146875 0.055556
1 0.728125 0.198611 0.139063 0.058333
1 0.728125 0.228472 0.164062 0.059722
1 0.718750 0.257639 0.132812 0.059722
1 0.638281 0.231944 0.020313 0.013889
1 0.890234 0.295139 0.211719 0.109722
1 0.891406 0.256250 0.201563 0.095833
