3 0.010156 0.904861 0.020313 0.023611
1 0.184375 0.987500 0.067187 0.022222
2 0.606641 0.380556 0.057031 0.147222
2 0.571094 0.465972 0.128125 0.254167
2 0.512500 0.530556 0.176563 0.308333
2 0.431250 0.282639 0.110937 0.165278
2 0.349609 0.312500 0.138281 0.188889
0 0.591406 0.129861 0.037500 0.023611
2 0.692578 0.251389 0.107031 0.075000
2 0.833594 0.409028 0.145313 0.276389
2 0.860938 0.447222 0.125000 0.233333
2 0.913672 0.406250 0.038281 0.204167
2 0.886328 0.233333 0.111719 0.188889
2 0.796094 0.578472 0.175000 0.345833
2 0.262500 0.417361 0.153125 0.220833
2 0.178516 0.463194 0.158594 0.254167
2 0.766797 0.509028 0.039844 0.051389
2 0.785547 0.216667 0.116406 0.163889
2 0.707812 0.390972 0.148438 0.254167
2 0.645312 0.449306 0.189062 0.312500
