2 0.517188 0.803472 0.226562 0.173611
2 0.340234 0.861111 0.297656 0.275000
2 0.146094 0.864583 0.292187 0.268056
2 0.319922 0.685417 0.166406 0.129167
2 0.147266 0.731944 0.210156 0.250000
0 0.531250 0.507639 0.051562 0.048611
2 0.637891 0.725000 0.178906 0.233333
2 0.730859 0.764583 0.339844 0.468056
2 0.845703 0.860417 0.241406 0.276389
2 0.908984 0.858333 0.180469 0.280556
2 0.841406 0.557639 0.237500 0.376389
2 0.906250 0.580556 0.185938 0.308333
2 0.523438 0.870833 0.459375 0.255556
2 0.047266 0.847222 0.094531 0.263889
2 0.774609 0.851389 0.180469 0.275000
2 0.669922 0.859028 0.232031 0.279167
2 0.669141 0.563194 0.232031 0.329167
2 0.517188 0.862500 0.307812 0.272222
2 0.280469 0.867361 0.434375 0.262500
