2 0.499609 0.499306 0.999219 0.998611
2 0.822266 0.743056 0.353906 0.130556
1 0.640234 0.744444 0.021094 0.008333
4 0.700391 0.722222 0.138281 0.041667
4 0.702344 0.690972 0.143750 0.048611
4 0.702344 0.654167 0.143750 0.050000
2 0.175781 0.723611 0.142187 0.191667
2 0.249609 0.713889 0.169531 0.208333
2 0.243750 0.502083 0.009375 0.165278
2 0.283594 0.503472 0.101562 0.229167
1 0.264844 0.744444 0.079687 0.033333
1 0.466406 0.722917 0.028125 0.020833
5 0.601953 0.665972 0.083594 0.176389
0 0.978125 0.397222 0.004687 0.044444
1 0.376563 0.707639 0.153125 0.037500
1 0.376563 0.684028 0.162500 0.040278
