2 0.032813 0.149306 0.065625 0.184722
3 0.099609 0.194444 0.199219 0.388889
2 0.774609 0.474306 0.157031 0.318056
2 0.635547 0.464583 0.057031 0.312500
2 0.321094 0.313194 0.139063 0.093056
2 0.973828 0.229861 0.050781 0.231944
2 0.803516 0.216667 0.158594 0.233333
2 0.980859 0.394444 0.036719 0.333333
2 0.461328 0.513194 0.296094 0.448611
2 0.785547 0.755556 0.303906 0.427778
2 0.969141 0.752083 0.060156 0.484722
2 0.804688 0.379167 0.325000 0.480556
2 0.210547 0.425000 0.217969 0.080556
2 0.649219 0.268750 0.146875 0.204167
2 0.503125 0.211111 0.150000 0.111111
2 0.210156 0.681250 0.420312 0.634722
2 0.984766 0.606944 0.028906 0.372222
2 0.791016 0.658333 0.239844 0.230556
2 0.994531 0.361111 0.009375 0.183333
2 0.813281 0.277778 0.267188 0.361111
2 0.516797 0.413194 0.253906 0.365278
2 0.286328 0.336111 0.250781 0.255556
