2 0.587500 0.288194 0.004687 0.001389
2 0.529297 0.170139 0.030469 0.068056
2 0.358203 0.262500 0.110156 0.194444
2 0.555469 0.095139 0.104688 0.134722
2 0.445312 0.074306 0.112500 0.079167
2 0.711719 0.108333 0.118750 0.119444
2 0.625781 0.200000 0.162500 0.219444
2 0.741406 0.254861 0.151562 0.198611
2 0.829297 0.229861 0.130469 0.179167
2 0.746875 0.091667 0.151562 0.183333
2 0.836719 0.081944 0.143750 0.163889
2 0.498828 0.309028 0.174219 0.245833
2 0.352734 0.136806 0.116406 0.079167
2 0.249219 0.190972 0.123438 0.165278
2 0.844922 0.356944 0.083594 0.197222
2 0.773047 0.435417 0.224219 0.340278
2 0.908594 0.140278 0.181250 0.250000
2 0.774219 0.207639 0.123438 0.120833
2 0.678125 0.240278 0.087500 0.155556
2 0.740625 0.065972 0.056250 0.131944
2 0.676953 0.068750 0.142969 0.137500
2 0.558984 0.141667 0.152344 0.125000
2 0.432031 0.202083 0.164062 0.220833
1 0.899609 0.521528 0.199219 0.112500
3 0.190625 0.735417 0.381250 0.526389
1 0.903516 0.478472 0.191406 0.101389
