1 0.791406 0.845139 0.170313 0.084722
4 0.793750 0.805556 0.167187 0.091667
4 0.794141 0.762500 0.167969 0.086111
4 0.794922 0.714583 0.167969 0.101389
1 0.111719 0.761806 0.153125 0.081944
1 0.093359 0.697917 0.110156 0.070833
1 0.110547 0.729167 0.144531 0.077778
2 0.183984 0.834028 0.177344 0.293056
2 0.274609 0.859028 0.216406 0.279167
2 0.177734 0.601389 0.185156 0.277778
1 0.252344 0.777778 0.167187 0.086111
1 0.253125 0.811806 0.159375 0.079167
1 0.156250 0.793750 0.034375 0.026389
1 0.231641 0.719444 0.097656 0.050000
1 0.146875 0.764583 0.042188 0.031944
1 0.556250 0.796528 0.070312 0.056944
5 0.668750 0.710417 0.075000 0.168056
1 0.427734 0.856250 0.197656 0.118056
1 0.426953 0.820833 0.188281 0.100000
