1 0.913672 0.628472 0.171094 0.062500
1 0.915625 0.588889 0.167187 0.041667
1 0.910547 0.674306 0.177344 0.073611
1 0.912891 0.702083 0.172656 0.065278
1 0.933203 0.723611 0.132031 0.016667
2 0.742188 0.618056 0.151562 0.183333
0 0.523047 0.373611 0.038281 0.011111
0 0.439453 0.449306 0.041406 0.012500
2 0.598828 0.756944 0.800781 0.483333
2 0.859766 0.913889 0.271094 0.169444
2 0.112109 0.820833 0.224219 0.355556
2 0.128516 0.476389 0.257031 0.530556
0 0.004687 0.310417 0.009375 0.045833
3 0.283984 0.490278 0.189844 0.361111
