2 0.274219 0.342361 0.118750 0.156944
2 0.177734 0.388889 0.136719 0.191667
2 0.075000 0.436806 0.150000 0.220833
2 0.192578 0.226389 0.105469 0.136111
2 0.089844 0.254861 0.120313 0.151389
0 0.314063 0.106944 0.029687 0.022222
2 0.344922 0.267361 0.083594 0.137500
2 0.316797 0.359722 0.149219 0.211111
2 0.408594 0.384722 0.128125 0.183333
2 0.475000 0.345833 0.114062 0.175000
2 0.405078 0.237500 0.125781 0.180556
2 0.215625 0.482639 0.165625 0.245833
2 0.033594 0.324306 0.067187 0.143056
2 0.530078 0.427778 0.039844 0.050000
2 0.480078 0.572222 0.138281 0.297222
2 0.418750 0.325000 0.109375 0.144444
2 0.340234 0.375000 0.122656 0.155556
2 0.417578 0.188889 0.110156 0.133333
2 0.337109 0.225694 0.124219 0.170833
2 0.246875 0.406250 0.139063 0.201389
2 0.141797 0.459722 0.163281 0.233333
1 0.770312 0.541667 0.118750 0.091667
1 0.792188 0.513889 0.135937 0.055556
1 0.937891 0.693056 0.122656 0.072222
1 0.625391 0.628472 0.161719 0.104167
3 0.619141 0.981250 0.032031 0.034722
1 0.625781 0.591667 0.173437 0.113889
