2 0.051172 0.860417 0.102344 0.276389
2 0.157812 0.902083 0.315625 0.193056
2 0.362109 0.972917 0.132031 0.051389
2 0.418359 0.689583 0.266406 0.376389
2 0.228516 0.734028 0.230469 0.381944
2 0.102734 0.679167 0.205469 0.288889
2 0.101172 0.434722 0.202344 0.311111
2 0.642188 0.846528 0.296875 0.304167
1 0.492188 0.544444 0.171875 0.061111
2 0.642969 0.603472 0.189062 0.262500
2 0.825000 0.651389 0.212500 0.330556
2 0.647266 0.385417 0.194531 0.276389
2 0.037109 0.717361 0.074219 0.259722
2 0.121484 0.803472 0.242969 0.390278
2 0.030469 0.465972 0.060937 0.279167
2 0.297656 0.846528 0.296875 0.304167
2 0.544141 0.899306 0.344531 0.198611
1 0.600781 0.557639 0.085938 0.101389
1 0.468750 0.548611 0.073438 0.030556
1 0.979688 0.570139 0.039062 0.043056
5 0.894141 0.363194 0.044531 0.120833
1 0.871875 0.587500 0.184375 0.100000
1 0.872656 0.560417 0.178125 0.079167
