1 0.904687 0.795833 0.189062 0.125000
4 0.905078 0.731944 0.188281 0.127778
4 0.905469 0.665278 0.187500 0.116667
4 0.905859 0.603472 0.186719 0.106944
2 0.016406 0.483333 0.032813 0.069444
2 0.016016 0.372222 0.032031 0.169444
1 0.211719 0.567361 0.004687 0.034722
2 0.179297 0.592361 0.166406 0.251389
2 0.105078 0.645833 0.210156 0.330556
1 0.379688 0.647917 0.139063 0.051389
1 0.426953 0.625694 0.066406 0.045833
1 0.639844 0.699306 0.148438 0.090278
5 0.857422 0.592361 0.138281 0.281944
1 0.296484 0.636111 0.185156 0.088889
1 0.297656 0.591667 0.173437 0.075000
