2 0.486719 0.454861 0.070312 0.079167
3 0.544141 0.418056 0.157031 0.247222
2 0.995313 0.447917 0.007812 0.034722
2 0.858203 0.484028 0.269531 0.112500
2 0.664453 0.491667 0.228906 0.097222
2 0.624609 0.368750 0.342969 0.345833
2 0.871484 0.463194 0.255469 0.154167
2 0.872656 0.209028 0.253125 0.418056
2 0.507422 0.481250 0.110156 0.120833
2 0.902344 0.499306 0.140625 0.081944
1 0.334766 0.797222 0.410156 0.136111
2 0.941797 0.475694 0.114844 0.129167
2 0.953906 0.396528 0.090625 0.068056
2 0.787500 0.475694 0.268750 0.126389
2 0.589844 0.488194 0.179688 0.106944
