1 0.180469 0.498611 0.251563 0.194444
1 0.150781 0.687500 0.193750 0.205556
2 0.499609 0.499306 0.999219 0.998611
2 0.426953 0.480556 0.000781 0.172222
2 0.430859 0.481250 0.091406 0.243056
2 0.271094 0.454861 0.228125 0.256944
2 0.294531 0.354167 0.007812 0.002778
2 0.200781 0.369444 0.145313 0.091667
0 0.480078 0.276389 0.039844 0.025000
2 0.648828 0.361111 0.180469 0.286111
2 0.718750 0.488194 0.145313 0.234722
2 0.765625 0.493750 0.120313 0.204167
2 0.717578 0.270833 0.147656 0.252778
2 0.563672 0.467361 0.221094 0.345833
2 0.107813 0.401389 0.104688 0.027778
2 0.621484 0.601389 0.014844 0.002778
2 0.666016 0.243750 0.125781 0.056944
2 0.553516 0.606944 0.108594 0.011111
2 0.408594 0.471528 0.226562 0.320833
