1 0.680469 0.307639 0.637500 0.148611
1 0.680078 0.461806 0.638281 0.162500
1 0.682031 0.584028 0.634375 0.206944
1 0.672266 0.711111 0.653906 0.269444
2 0.179688 0.272222 0.025000 0.180556
2 0.167578 0.274306 0.142969 0.226389
2 0.105859 0.304167 0.211719 0.319444
2 0.016406 0.195139 0.032813 0.156944
0 0.154688 0.027778 0.043750 0.025000
2 0.270703 0.132639 0.097656 0.062500
2 0.461328 0.179167 0.127344 0.263889
2 0.496484 0.249306 0.071094 0.151389
2 0.482422 0.293750 0.042969 0.015278
2 0.477344 0.082639 0.117188 0.165278
2 0.484766 0.082639 0.097656 0.162500
2 0.449219 0.292361 0.160938 0.295833
1 0.794922 0.277778 0.052344 0.033333
2 0.892969 0.243056 0.181250 0.161111
2 0.933594 0.263194 0.131250 0.237500
2 0.900391 0.090278 0.177344 0.180556
2 0.928516 0.084722 0.141406 0.169444
2 0.383984 0.211111 0.011719 0.041667
2 0.383594 0.208333 0.012500 0.052778
2 0.379297 0.075694 0.100781 0.148611
2 0.356641 0.079861 0.119531 0.159722
2 0.372266 0.197917 0.042969 0.073611
2 0.277734 0.304167 0.185156 0.319444
