1 0.825000 0.451389 0.010937 0.016667
4 0.824609 0.422222 0.010156 0.036111
4 0.825391 0.381250 0.010156 0.031944
4 0.826172 0.340278 0.010156 0.038889
2 0.126562 0.549306 0.253125 0.898611
2 0.529687 0.522917 0.939063 0.951389
2 0.238281 0.301389 0.476562 0.602778
2 0.020703 0.496528 0.041406 0.487500
2 0.014063 0.112500 0.028125 0.225000
2 0.746484 0.576389 0.497656 0.561111
1 0.180078 0.414583 0.241406 0.054167
2 0.423438 0.440278 0.240625 0.302778
2 0.697656 0.452083 0.246875 0.304167
2 0.423828 0.084028 0.249219 0.168056
2 0.700000 0.081944 0.250000 0.163889
2 0.180859 0.594444 0.361719 0.808333
2 0.696484 0.641667 0.605469 0.713889
1 0.071094 0.531250 0.006250 0.006944
1 0.500781 0.447222 0.006250 0.027778
5 0.569141 0.310417 0.011719 0.001389
