2 0.720703 0.265972 0.121094 0.015278
2 0.815625 0.321528 0.120313 0.134722
2 0.723047 0.199306 0.124219 0.143056
2 0.818359 0.197917 0.124219 0.143056
1 0.943359 0.375000 0.107031 0.030556
1 0.955078 0.418056 0.088281 0.019444
1 0.849609 0.354167 0.089844 0.044444
1 0.853125 0.320139 0.095312 0.051389
1 0.844922 0.383333 0.094531 0.044444
1 0.843750 0.411806 0.095312 0.045833
1 0.842969 0.420833 0.093750 0.016667
1 0.850000 0.482639 0.029687 0.009722
2 0.571094 0.385417 0.078125 0.195833
0 0.281641 0.170833 0.038281 0.013889
0 0.183984 0.249306 0.038281 0.018056
1 0.051172 0.904167 0.097656 0.188889
4 0.049609 0.836111 0.097656 0.236111
4 0.048047 0.758333 0.096094 0.222222
4 0.046484 0.686111 0.092969 0.205556
2 0.984766 0.766667 0.028906 0.397222
2 0.905859 0.681250 0.186719 0.431944
2 0.898047 0.358333 0.202344 0.380556
1 0.245312 0.924306 0.028125 0.148611
5 0.008594 0.901389 0.017188 0.194444
0 0.015625 0.133333 0.031250 0.019444
0 0.017969 0.293750 0.035937 0.029167
0 0.017188 0.299306 0.034375 0.020833
0 0.023438 0.577778 0.046875 0.030556
1 0.741016 0.709722 0.260156 0.172222
3 0.111719 0.345833 0.128125 0.463889
1 0.742578 0.657639 0.280469 0.170833
