1 0.887500 0.445833 0.117188 0.050000
4 0.888672 0.411806 0.116406 0.054167
4 0.891016 0.377778 0.114844 0.052778
4 0.892578 0.339583 0.114844 0.062500
2 0.091406 0.815972 0.182812 0.365278
2 0.269531 0.850000 0.487500 0.297222
2 0.283594 0.543750 0.296875 0.404167
2 0.102734 0.583333 0.205469 0.250000
2 0.020313 0.568750 0.040625 0.201389
2 0.098047 0.336806 0.196094 0.340278
2 0.014063 0.289583 0.028125 0.248611
2 0.529687 0.754861 0.317188 0.487500
1 0.353906 0.461806 0.175000 0.062500
2 0.512891 0.490278 0.194531 0.258333
2 0.702344 0.521528 0.207813 0.304167
2 0.513672 0.270833 0.199219 0.258333
2 0.040234 0.594444 0.080469 0.188889
2 0.161719 0.763889 0.323437 0.469444
2 0.430469 0.793056 0.382812 0.411111
1 0.441797 0.484722 0.147656 0.072222
1 0.329688 0.485417 0.098437 0.037500
1 0.645312 0.444444 0.114062 0.044444
1 0.743359 0.466667 0.172656 0.077778
1 0.744141 0.440278 0.172656 0.061111
