1 0.063281 0.152083 0.126562 0.079167
2 0.273828 0.050000 0.116406 0.100000
3 0.317969 0.156250 0.284375 0.312500
1 0.021484 0.273611 0.042969 0.108333
1 0.025781 0.317361 0.051562 0.095833
2 0.851172 0.798611 0.296094 0.400000
2 0.639453 0.704861 0.283594 0.587500
2 0.396484 0.384722 0.282031 0.183333
2 0.201563 0.730556 0.403125 0.536111
2 0.552344 0.715278 0.792188 0.566667
2 0.053125 0.524306 0.106250 0.134722
2 0.915625 0.398611 0.167187 0.397222
2 0.774219 0.308333 0.234375 0.347222
2 0.611328 0.881250 0.214844 0.234722
2 0.420312 0.672222 0.406250 0.641667
2 0.210547 0.388889 0.311719 0.327778
