1 0.975000 0.957639 0.048438 0.081944
2 0.023438 0.645833 0.046875 0.102778
0 0.004297 0.440972 0.008594 0.020833
2 0.059766 0.584722 0.119531 0.138889
2 0.078516 0.656250 0.157031 0.220833
2 0.155078 0.695139 0.138281 0.195833
2 0.211328 0.665972 0.119531 0.173611
2 0.034766 0.770139 0.069531 0.234722
1 0.441406 0.702083 0.015625 0.054167
1 0.426563 0.656250 0.078125 0.029167
1 0.423828 0.676389 0.072656 0.047222
2 0.403516 0.750694 0.125781 0.237500
2 0.354687 0.808333 0.157812 0.291667
2 0.404687 0.555556 0.129688 0.208333
2 0.138672 0.653472 0.114844 0.154167
2 0.066797 0.688194 0.133594 0.187500
2 0.136719 0.517361 0.117188 0.148611
2 0.027344 0.637500 0.054688 0.183333
1 0.603906 0.729167 0.051562 0.052778
1 0.603906 0.759722 0.051562 0.050000
1 0.602734 0.787500 0.049219 0.052778
1 0.631641 0.759028 0.007031 0.045833
1 0.608984 0.704861 0.053906 0.045833
1 0.632812 0.732639 0.006250 0.043056
1 0.788281 0.821528 0.117188 0.087500
5 0.973828 0.810417 0.050781 0.204167
1 0.510547 0.813194 0.144531 0.095833
1 0.510938 0.778472 0.134375 0.079167
