1 0.791797 0.668750 0.130469 0.056944
4 0.794141 0.640278 0.124219 0.058333
4 0.794922 0.609722 0.124219 0.055556
4 0.795703 0.573611 0.124219 0.072222
2 0.025000 0.943056 0.050000 0.111111
2 0.110156 0.713889 0.187500 0.261111
2 0.016797 0.632639 0.014844 0.020833
2 0.008594 0.629861 0.017188 0.029167
2 0.012891 0.529861 0.025781 0.179167
2 0.223047 0.861111 0.214844 0.275000
1 0.292187 0.644444 0.128125 0.063889
1 0.291797 0.598611 0.136719 0.055556
1 0.292187 0.619444 0.135937 0.066667
2 0.384766 0.693056 0.150781 0.213889
2 0.499609 0.745139 0.164844 0.237500
2 0.384766 0.518056 0.150781 0.216667
2 0.497656 0.553472 0.170313 0.240278
2 0.042578 0.731250 0.085156 0.226389
2 0.102734 0.836806 0.205469 0.323611
1 0.385547 0.668750 0.128906 0.076389
1 0.327344 0.649306 0.112500 0.056944
1 0.359375 0.604861 0.045312 0.018056
1 0.355859 0.625000 0.055469 0.050000
5 0.685156 0.575694 0.054688 0.126389
1 0.578125 0.691667 0.145313 0.072222
1 0.589844 0.675000 0.120313 0.052778
