2 0.610547 0.729167 0.166406 0.200000
2 0.766797 0.738889 0.177344 0.225000
1 0.951562 0.804167 0.095312 0.052778
1 0.953516 0.847917 0.091406 0.043056
3 0.930078 0.965278 0.138281 0.063889
1 0.615625 0.821528 0.218750 0.076389
1 0.615625 0.871528 0.218750 0.079167
1 0.294531 0.839583 0.218750 0.065278
2 0.252344 0.730556 0.179688 0.205556
0 0.157422 0.512500 0.041406 0.025000
0 0.089063 0.593056 0.037500 0.011111
2 0.188672 0.775000 0.377344 0.447222
2 0.041797 0.622222 0.083594 0.622222
3 0.003906 0.536806 0.007812 0.101389
