1 0.666406 0.817361 0.665625 0.306944
1 0.665234 0.910417 0.667969 0.176389
1 0.680078 0.994444 0.014844 0.008333
2 0.452734 0.639583 0.102344 0.048611
2 0.444922 0.632639 0.124219 0.062500
2 0.436328 0.617361 0.172656 0.095833
2 0.114453 0.631250 0.132031 0.193056
2 0.061719 0.620833 0.123438 0.236111
0 0.312500 0.459722 0.042188 0.025000
2 0.457031 0.599306 0.095312 0.129167
2 0.753906 0.584722 0.168750 0.222222
2 0.705859 0.717361 0.133594 0.218056
2 0.671094 0.709028 0.104688 0.179167
2 0.704297 0.506944 0.133594 0.233333
2 0.817578 0.618750 0.219531 0.095833
2 0.025391 0.727778 0.050781 0.247222
2 0.570312 0.702778 0.095312 0.169444
2 0.584766 0.711806 0.117969 0.193056
2 0.567969 0.532639 0.098437 0.198611
2 0.581641 0.506250 0.125781 0.234722
2 0.606641 0.714583 0.147656 0.245833
2 0.639062 0.729167 0.187500 0.319444
