2 0.940234 0.722917 0.022656 0.209722
0 0.736328 0.481944 0.025781 0.011111
4 0.051172 0.740972 0.088281 0.015278
4 0.050391 0.711806 0.089844 0.070833
2 0.843359 0.816667 0.216406 0.363889
2 0.476172 0.499306 0.952344 0.998611
2 0.361719 0.499306 0.723437 0.998611
2 0.241406 0.888889 0.176563 0.219444
2 0.396484 0.861111 0.283594 0.275000
2 0.403516 0.576389 0.297656 0.413889
2 0.975781 0.499306 0.046875 0.998611
1 0.346875 0.858333 0.039062 0.075000
3 0.504297 0.601389 0.182031 0.350000
1 0.325000 0.815278 0.082812 0.052778
