3 0.421484 0.565278 0.144531 0.075000
2 0.962109 0.486806 0.074219 0.356944
2 0.841797 0.515278 0.166406 0.363889
2 0.499219 0.650000 0.175000 0.111111
2 0.503906 0.285417 0.421875 0.570833
2 0.832422 0.534722 0.333594 0.652778
2 0.291016 0.629167 0.263281 0.219444
2 0.925000 0.457639 0.071875 0.081944
2 0.833594 0.527778 0.150000 0.216667
1 0.176563 0.351389 0.353125 0.619444
1 0.178125 0.056944 0.229687 0.113889
2 0.930469 0.495139 0.137500 0.484722
2 0.666016 0.321528 0.342969 0.484722
2 0.392969 0.540972 0.087500 0.043056
