2 0.069141 0.475694 0.138281 0.168056
3 0.203125 0.480556 0.137500 0.380556
1 0.064453 0.652083 0.128906 0.070833
1 0.064844 0.687500 0.129688 0.066667
1 0.064844 0.720833 0.129688 0.069444
1 0.025000 0.748611 0.050000 0.102778
1 0.025781 0.789583 0.051562 0.106944
1 0.023047 0.833333 0.046094 0.100000
2 0.986719 0.534722 0.025000 0.011111
2 0.572266 0.622917 0.080469 0.226389
2 0.962109 0.459028 0.074219 0.143056
2 0.821094 0.393056 0.117188 0.008333
2 0.967578 0.604861 0.008594 0.234722
2 0.980859 0.668750 0.036719 0.204167
2 0.983984 0.457639 0.030469 0.243056
2 0.589453 0.713889 0.077344 0.291667
2 0.568750 0.534028 0.089063 0.165278
2 0.978125 0.804861 0.042188 0.076389
2 0.784766 0.871528 0.350781 0.254167
2 0.792188 0.605556 0.360938 0.458333
2 0.983203 0.659028 0.032031 0.212500
2 0.576562 0.664583 0.075000 0.256944
