1 0.595703 0.910417 0.614844 0.176389
1 0.496484 0.985417 0.053906 0.026389
1 0.756641 0.720833 0.308594 0.280556
1 0.552344 0.334028 0.132812 0.045833
1 0.014844 0.300000 0.029687 0.033333
2 0.083203 0.322917 0.166406 0.251389
2 0.218750 0.341667 0.218750 0.272222
2 0.213281 0.114583 0.221875 0.229167
1 0.057813 0.359028 0.115625 0.051389
1 0.047656 0.338194 0.043750 0.009722
1 0.382422 0.330556 0.110156 0.033333
5 0.433984 0.247917 0.072656 0.176389
0 0.832031 0.010417 0.028125 0.020833
0 0.829297 0.109028 0.035156 0.029167
0 0.782031 0.109722 0.046875 0.027778
0 0.779297 0.293056 0.046094 0.030556
1 0.366016 0.314583 0.078906 0.048611
3 0.971875 0.393750 0.054688 0.029167
1 0.368750 0.279861 0.084375 0.048611
