2 0.983203 0.365278 0.032031 0.186111
2 0.988281 0.187500 0.021875 0.191667
1 0.901953 0.531250 0.083594 0.090278
2 0.724219 0.347917 0.142187 0.173611
2 0.177344 0.380556 0.354687 0.269444
2 0.149219 0.461806 0.198437 0.073611
2 0.029297 0.331944 0.058594 0.369444
2 0.143359 0.300694 0.286719 0.354167
2 0.438672 0.646528 0.877344 0.704167
2 0.923828 0.890278 0.150781 0.216667
2 0.923828 0.781944 0.150781 0.433333
0 0.105469 0.088194 0.040625 0.040278
0 0.112500 0.170833 0.035937 0.036111
0 0.069922 0.170139 0.049219 0.026389
3 0.356250 0.235417 0.154688 0.345833
1 0.142969 0.464583 0.003125 0.001389
