2 0.393359 0.266667 0.139844 0.147222
2 0.263672 0.272917 0.082031 0.073611
2 0.203125 0.454861 0.210938 0.331944
2 0.205859 0.159722 0.133594 0.177778
2 0.096094 0.200694 0.157812 0.206944
0 0.368359 0.005556 0.039844 0.011111
2 0.458594 0.177083 0.118750 0.179167
2 0.543750 0.315278 0.159375 0.291667
2 0.624219 0.340278 0.084375 0.241667
2 0.646875 0.285417 0.096875 0.218056
2 0.603125 0.145139 0.134375 0.231944
2 0.472266 0.503472 0.192969 0.365278
2 0.044922 0.317361 0.089844 0.234722
1 0.948828 0.375694 0.074219 0.076389
1 0.957422 0.331944 0.083594 0.044444
1 0.956641 0.346528 0.085156 0.068056
2 0.945312 0.455556 0.107813 0.311111
2 0.947656 0.579861 0.103125 0.398611
2 0.956641 0.293750 0.085156 0.368056
2 0.553906 0.186806 0.109375 0.031944
2 0.465625 0.271528 0.064062 0.137500
2 0.551953 0.099306 0.117969 0.181944
2 0.421484 0.259028 0.167969 0.198611
2 0.330078 0.374306 0.208594 0.337500
