3 0.026172 0.390972 0.052344 0.415278
2 0.685156 0.411806 0.025000 0.076389
2 0.607031 0.481944 0.154688 0.211111
2 0.466016 0.499306 0.161719 0.226389
2 0.703125 0.329167 0.087500 0.127778
2 0.589844 0.341667 0.120313 0.144444
0 0.857422 0.200000 0.036719 0.022222
2 0.665625 0.458333 0.065625 0.247222
2 0.878125 0.611806 0.085938 0.034722
2 0.567187 0.571528 0.200000 0.281944
2 0.485156 0.411806 0.120313 0.162500
2 0.371875 0.421528 0.123438 0.168056
2 0.934766 0.596528 0.027344 0.009722
2 0.822266 0.788194 0.274219 0.420833
2 0.846094 0.443750 0.306250 0.393056
2 0.937109 0.245833 0.124219 0.075000
2 0.820312 0.243750 0.171875 0.068056
2 0.664062 0.517361 0.167187 0.223611
2 0.512109 0.532639 0.178906 0.251389
1 0.920312 0.920833 0.157812 0.155556
1 0.916016 0.863889 0.166406 0.191667
