2 0.273047 0.865278 0.546094 0.266667
2 0.768750 0.855556 0.460938 0.286111
2 0.968750 0.853472 0.060937 0.290278
2 0.533594 0.727778 0.332813 0.444444
2 0.166016 0.849306 0.332031 0.298611
2 0.166016 0.468750 0.332031 0.462500
2 0.809375 0.832639 0.320312 0.331944
1 0.121875 0.797917 0.207813 0.054167
2 0.328125 0.824306 0.170313 0.201389
2 0.564063 0.895139 0.159375 0.020833
2 0.203906 0.850694 0.407813 0.295833
2 0.204297 0.461111 0.408594 0.577778
2 0.634375 0.843750 0.418750 0.309722
2 0.880859 0.838889 0.236719 0.319444
1 0.139063 0.786806 0.096875 0.012500
1 0.145313 0.836111 0.110937 0.044444
1 0.142187 0.870833 0.104688 0.055556
1 0.005469 0.875000 0.010937 0.011111
1 0.308203 0.789583 0.117969 0.040278
5 0.308203 0.622917 0.025781 0.018056
0 0.654687 0.484722 0.023438 0.030556
3 0.866406 0.615972 0.215625 0.290278
