1 0.684375 0.943056 0.148438 0.111111
1 0.048438 0.685417 0.014063 0.029167
2 0.032422 0.776389 0.057031 0.244444
2 0.025781 0.841667 0.051562 0.313889
2 0.042969 0.527083 0.085938 0.281944
2 0.020703 0.594444 0.041406 0.308333
1 0.249219 0.726389 0.054688 0.075000
1 0.252344 0.675000 0.060937 0.058333
1 0.464062 0.881944 0.132812 0.147222
5 0.651563 0.723611 0.118750 0.275000
0 0.944922 0.690972 0.086719 0.129167
0 0.937891 0.940278 0.122656 0.116667
0 0.884375 0.868056 0.100000 0.122222
1 0.139063 0.877083 0.162500 0.143056
1 0.137109 0.822917 0.175781 0.170833
