1 0.432812 0.309722 0.032813 0.038889
2 0.672656 0.622222 0.653125 0.752778
2 0.048828 0.822222 0.097656 0.027778
2 0.117188 0.413194 0.234375 0.826389
2 0.989453 0.849306 0.019531 0.298611
2 0.382422 0.477083 0.246094 0.395833
2 0.644531 0.279167 0.282813 0.083333
2 0.411328 0.158333 0.188281 0.316667
2 0.171094 0.499306 0.342187 0.998611
2 0.727734 0.686111 0.542969 0.625000
1 0.338281 0.378472 0.026562 0.043056
5 0.334766 0.198611 0.027344 0.061111
0 0.771094 0.145139 0.031250 0.034722
1 0.449219 0.325694 0.001563 0.001389
3 0.950000 0.154861 0.098437 0.309722
1 0.569922 0.312500 0.221094 0.025000
