2 0.931250 0.565278 0.135937 0.866667
1 0.175781 0.681250 0.351562 0.098611
1 0.175391 0.767361 0.350781 0.112500
1 0.175391 0.846528 0.350781 0.148611
1 0.464062 0.647222 0.276562 0.061111
1 0.475781 0.702083 0.253125 0.070833
1 0.472266 0.759028 0.244531 0.079167
2 0.870313 0.640972 0.257812 0.351389
2 0.000391 0.511806 0.000781 0.009722
1 0.054297 0.621528 0.108594 0.023611
2 0.125781 0.610417 0.151562 0.154167
2 0.228906 0.611111 0.164062 0.169444
5 0.469141 0.579861 0.047656 0.073611
0 0.781250 0.561806 0.020313 0.026389
0 0.772266 0.383333 0.025781 0.036111
1 0.320312 0.625000 0.150000 0.027778
3 0.928906 0.526389 0.140625 0.402778
1 0.319531 0.597222 0.143750 0.027778
