1 0.556641 0.431250 0.060156 0.034722
4 0.558594 0.393056 0.062500 0.041667
4 0.558594 0.352083 0.062500 0.040278
4 0.558594 0.312500 0.062500 0.044444
2 0.253125 0.641667 0.506250 0.713889
2 0.016406 0.306944 0.032813 0.613889
2 0.252734 0.630556 0.505469 0.736111
2 0.125000 0.431944 0.250000 0.352778
2 0.378516 0.422222 0.253906 0.333333
2 0.263672 0.499306 0.527344 0.998611
1 0.058203 0.453472 0.038281 0.062500
1 0.059766 0.493056 0.038281 0.047222
0 0.837500 0.275000 0.032813 0.033333
0 0.833594 0.059028 0.039062 0.043056
3 0.983594 0.445833 0.031250 0.016667
