2 0.192188 0.685417 0.126562 0.168056
2 0.295703 0.661806 0.117969 0.162500
2 0.190625 0.546528 0.126562 0.162500
1 0.368750 0.694444 0.001563 0.019444
2 0.606250 0.595833 0.110937 0.152778
3 0.657813 0.618750 0.209375 0.343056
1 0.426172 0.686806 0.113281 0.054167
1 0.428516 0.655556 0.121094 0.063889
1 0.425781 0.711806 0.112500 0.056944
1 0.425781 0.738194 0.112500 0.059722
1 0.425781 0.763194 0.112500 0.059722
1 0.425781 0.788194 0.112500 0.062500
1 0.248438 0.843750 0.154688 0.090278
2 0.041016 0.767361 0.082031 0.212500
2 0.942969 0.870139 0.112500 0.170833
2 0.822266 0.776389 0.200781 0.091667
2 0.821484 0.872917 0.277344 0.251389
2 0.961328 0.833333 0.075781 0.330556
2 0.606641 0.894444 0.160156 0.208333
2 0.975000 0.757639 0.048438 0.190278
2 0.179688 0.963889 0.196875 0.069444
2 0.992969 0.939583 0.012500 0.031944
2 0.679297 0.878472 0.100781 0.240278
