2 0.931641 0.222222 0.135156 0.188889
2 0.995703 0.143056 0.007031 0.005556
2 0.936719 0.079167 0.125000 0.158333
1 0.973437 0.393056 0.051562 0.083333
1 0.982422 0.435417 0.033594 0.079167
1 0.985156 0.472222 0.028125 0.072222
2 0.774219 0.313889 0.146875 0.255556
0 0.428125 0.032639 0.040625 0.026389
0 0.321094 0.119444 0.040625 0.030556
1 0.056641 0.992361 0.091406 0.012500
2 0.992188 0.440278 0.014063 0.186111
0 0.057813 0.146528 0.054688 0.081944
0 0.071094 0.458333 0.084375 0.152778
1 0.712891 0.950694 0.032031 0.095833
3 0.223828 0.275694 0.144531 0.551389
1 0.722656 0.932639 0.043750 0.131944
