2 0.978125 0.520833 0.014063 0.088889
4 0.325781 0.553472 0.059375 0.009722
2 0.358203 0.375694 0.483594 0.698611
2 0.768359 0.584028 0.430469 0.212500
2 0.921875 0.570833 0.154688 0.191667
2 0.002734 0.117361 0.005469 0.234722
2 0.438281 0.171528 0.167187 0.118056
2 0.198047 0.400000 0.302344 0.350000
2 0.010547 0.227083 0.011719 0.018056
2 0.699219 0.560417 0.196875 0.143056
2 0.339453 0.545833 0.088281 0.058333
2 0.442969 0.546528 0.134375 0.070833
2 0.395313 0.193750 0.040625 0.070833
2 0.255078 0.409722 0.382031 0.519444
2 0.601953 0.576389 0.344531 0.172222
2 0.883594 0.560417 0.228125 0.170833
1 0.325781 0.556250 0.059375 0.009722
3 0.737500 0.531250 0.120313 0.084722
