2 0.266406 0.656944 0.532813 0.683333
3 0.076953 0.499306 0.153906 0.998611
1 0.535937 0.776389 0.370312 0.236111
1 0.577344 0.501389 0.096875 0.116667
1 0.576172 0.551389 0.108594 0.127778
2 0.822656 0.395833 0.209375 0.288889
1 0.300391 0.334722 0.116406 0.033333
4 0.302344 0.304167 0.115625 0.038889
4 0.301563 0.274306 0.115625 0.037500
4 0.301172 0.245833 0.116406 0.038889
2 0.070703 0.334028 0.141406 0.206944
2 0.114453 0.129861 0.041406 0.212500
1 0.179688 0.340972 0.029687 0.012500
5 0.206250 0.262500 0.026562 0.158333
0 0.530078 0.051389 0.021094 0.033333
0 0.530078 0.139583 0.025781 0.023611
0 0.492188 0.139583 0.035937 0.023611
0 0.493750 0.289583 0.035937 0.026389
1 0.149219 0.319444 0.090625 0.041667
3 0.760938 0.200000 0.270313 0.355556
1 0.150781 0.288889 0.095312 0.041667
