1 0.758984 0.847222 0.238281 0.302778
1 0.763281 0.796528 0.225000 0.293056
1 0.737500 0.886806 0.181250 0.223611
1 0.724219 0.899306 0.175000 0.198611
1 0.666797 0.928472 0.063281 0.140278
1 0.692187 0.956250 0.001563 0.006944
2 0.937500 0.706250 0.123438 0.387500
1 0.324609 0.372222 0.130469 0.055556
4 0.326172 0.339583 0.128906 0.062500
4 0.325000 0.305556 0.129688 0.061111
4 0.324609 0.271528 0.130469 0.065278
2 0.083594 0.549306 0.167187 0.318056
1 0.024219 0.418056 0.015625 0.025000
5 0.216016 0.293056 0.008594 0.130556
0 0.595703 0.250694 0.024219 0.034722
0 0.591016 0.061111 0.022656 0.041667
1 0.125391 0.465972 0.199219 0.090278
3 0.851172 0.259028 0.296094 0.415278
1 0.123047 0.432639 0.192969 0.081944
