3 0.056250 0.531250 0.112500 0.379167
2 0.640234 0.806250 0.185156 0.276389
2 0.499609 0.803472 0.055469 0.279167
2 0.224609 0.763194 0.128906 0.259722
2 0.859766 0.548611 0.142969 0.138889
2 0.657813 0.571528 0.134375 0.204167
0 0.982812 0.443750 0.032813 0.045833
2 0.883984 0.743056 0.202344 0.308333
2 0.340625 0.829861 0.254688 0.337500
2 0.609375 0.901389 0.243750 0.194444
2 0.876563 0.915972 0.245312 0.165278
2 0.112109 0.873611 0.224219 0.250000
2 0.525000 0.625000 0.132812 0.191667
2 0.394141 0.577778 0.136719 0.113889
2 0.892188 0.877083 0.214062 0.243056
2 0.627344 0.863889 0.210938 0.269444
2 0.894531 0.677778 0.209375 0.344444
2 0.392188 0.762500 0.220312 0.316667
2 0.191797 0.734028 0.224219 0.293056
