2 0.239844 0.690278 0.153125 0.194444
2 0.344922 0.672917 0.138281 0.176389
2 0.344531 0.520139 0.139063 0.165278
1 0.469531 0.713889 0.114062 0.044444
2 0.675781 0.594444 0.125000 0.152778
3 0.787109 0.574306 0.161719 0.309722
1 0.558203 0.741667 0.149219 0.061111
1 0.537109 0.759028 0.114844 0.034722
1 0.403516 0.784722 0.183594 0.069444
1 0.346484 0.824306 0.021094 0.043056
2 0.105078 0.767361 0.196094 0.276389
2 0.955469 0.839583 0.087500 0.318056
2 0.838672 0.900694 0.321094 0.195833
2 0.796484 0.608333 0.405469 0.580556
2 0.985547 0.885417 0.025781 0.070833
