3 0.035156 0.226389 0.070312 0.452778
2 0.833203 0.586111 0.241406 0.355556
2 0.563281 0.445139 0.218750 0.106944
2 0.327344 0.440278 0.232813 0.125000
2 0.944531 0.263194 0.109375 0.240278
2 0.757422 0.256944 0.166406 0.241667
2 0.992188 0.419444 0.014063 0.213889
2 0.543359 0.715972 0.317969 0.520833
2 0.873047 0.813889 0.252344 0.369444
2 0.223438 0.788889 0.335938 0.419444
2 0.591016 0.329167 0.149219 0.236111
2 0.427734 0.320833 0.155469 0.233333
2 0.058984 0.929861 0.085156 0.137500
2 0.864062 0.718750 0.270313 0.429167
2 0.869922 0.413889 0.258594 0.427778
2 0.567969 0.491667 0.223438 0.016667
2 0.277344 0.670833 0.270313 0.408333
