1 0.623437 0.527778 0.160938 0.083333
4 0.626563 0.489583 0.162500 0.090278
4 0.627344 0.448611 0.164062 0.086111
4 0.626953 0.398611 0.163281 0.105556
1 0.001563 0.453472 0.003125 0.023611
2 0.037891 0.413889 0.075781 0.102778
2 0.088672 0.613889 0.177344 0.383333
1 0.074219 0.442361 0.142187 0.051389
1 0.139844 0.459722 0.009375 0.005556
1 0.428906 0.521528 0.159375 0.084722
5 0.514844 0.368056 0.100000 0.219444
0 0.946484 0.185417 0.049219 0.068056
0 0.939844 0.333333 0.065625 0.061111
0 0.879687 0.317361 0.070312 0.056944
0 0.869531 0.558333 0.067187 0.066667
1 0.247266 0.569444 0.155469 0.086111
1 0.238672 0.522917 0.186719 0.109722
