3 0.499609 0.879861 0.999219 0.237500
2 0.423438 0.802778 0.165625 0.266667
2 0.514453 0.860417 0.208594 0.276389
2 0.637500 0.893750 0.268750 0.209722
2 0.003125 0.614583 0.006250 0.043056
2 0.011328 0.718056 0.022656 0.200000
0 0.155078 0.459028 0.046094 0.031944
2 0.350000 0.668750 0.143750 0.234722
2 0.768750 0.718056 0.209375 0.252778
2 0.643359 0.776389 0.167969 0.250000
2 0.562891 0.725694 0.142969 0.218056
2 0.644141 0.573611 0.167969 0.230556
2 0.893750 0.857639 0.210938 0.237500
2 0.003125 0.886111 0.006250 0.183333
2 0.012891 0.961806 0.025781 0.029167
1 0.912891 0.723611 0.164844 0.063889
2 0.973047 0.752083 0.052344 0.212500
2 0.455078 0.737500 0.144531 0.233333
2 0.540625 0.795833 0.167187 0.280556
2 0.642578 0.850694 0.216406 0.295833
2 0.793750 0.880556 0.268750 0.236111
1 0.970313 0.752778 0.057813 0.063889
1 0.968750 0.785417 0.060937 0.037500
1 0.907422 0.767361 0.063281 0.023611
