4 0.570312 0.481944 0.028125 0.008333
2 0.405078 0.811111 0.810156 0.375000
2 0.884375 0.804167 0.229687 0.388889
2 0.751172 0.586111 0.414844 0.530556
2 0.296094 0.568056 0.415625 0.091667
2 0.041016 0.764583 0.082031 0.468056
2 0.040234 0.282639 0.080469 0.565278
2 0.936328 0.758333 0.125781 0.475000
1 0.298047 0.604861 0.183594 0.012500
2 0.520312 0.570139 0.223438 0.206944
2 0.743750 0.583333 0.229687 0.236111
2 0.521094 0.340278 0.225000 0.300000
2 0.312109 0.778472 0.569531 0.440278
2 0.806641 0.771528 0.385156 0.454167
1 0.398828 0.601389 0.021094 0.005556
5 0.480859 0.455556 0.027344 0.063889
0 0.855078 0.281944 0.033594 0.033333
0 0.857812 0.371528 0.028125 0.023611
0 0.810547 0.372222 0.030469 0.025000
3 0.985547 0.586111 0.005469 0.005556
