2 0.198437 0.518056 0.028125 0.008333
3 0.357812 0.453472 0.217188 0.365278
2 0.972266 0.598611 0.053906 0.075000
2 0.740234 0.472222 0.221094 0.144444
2 0.924609 0.368750 0.149219 0.384722
2 0.665234 0.560417 0.302344 0.429167
2 0.972266 0.595833 0.053906 0.069444
2 0.846484 0.495833 0.005469 0.091667
2 0.870313 0.499306 0.257812 0.998611
2 0.355078 0.518750 0.691406 0.959722
2 0.874609 0.101389 0.249219 0.202778
2 0.961328 0.634722 0.075781 0.147222
2 0.713672 0.536806 0.257031 0.295833
1 0.233984 0.689583 0.467969 0.337500
1 0.231641 0.306250 0.463281 0.418056
