4 0.460156 0.505556 0.001563 0.005556
4 0.483203 0.487500 0.049219 0.041667
4 0.483203 0.464583 0.049219 0.068056
2 0.263672 0.942361 0.439844 0.112500
1 0.067969 0.857639 0.135937 0.143056
1 0.069141 0.754167 0.138281 0.152778
1 0.070312 0.803472 0.140625 0.156944
2 0.270703 0.824306 0.249219 0.262500
2 0.551562 0.815278 0.243750 0.366667
2 0.264062 0.548611 0.259375 0.386111
2 0.552734 0.533333 0.252344 0.372222
1 0.142969 0.782639 0.046875 0.143056
1 0.087500 0.827083 0.171875 0.168056
1 0.387109 0.635417 0.069531 0.073611
5 0.343750 0.516667 0.020313 0.158333
0 0.804297 0.222917 0.038281 0.043056
0 0.775000 0.398611 0.064062 0.075000
1 0.519141 0.702778 0.194531 0.102778
3 0.960156 0.531250 0.078125 0.120833
1 0.518750 0.664583 0.193750 0.098611
