2 0.005859 0.476389 0.011719 0.033333
2 0.297266 0.431944 0.122656 0.144444
3 0.369141 0.422222 0.185156 0.336111
1 0.179688 0.540972 0.020313 0.006944
1 0.180078 0.556944 0.021094 0.027778
1 0.180078 0.586806 0.021094 0.029167
2 0.990234 0.570833 0.017969 0.241667
2 0.511328 0.659722 0.005469 0.011111
2 0.990234 0.496528 0.017969 0.101389
2 0.642969 0.470139 0.278125 0.323611
2 0.990234 0.647222 0.017969 0.372222
2 0.896875 0.275000 0.204687 0.341667
2 0.416016 0.584028 0.213281 0.281944
1 0.694922 0.875694 0.607031 0.245833
1 0.698828 0.690278 0.585156 0.200000
1 0.698047 0.787500 0.583594 0.252778
2 0.258984 0.740278 0.485156 0.516667
2 0.087891 0.738889 0.175781 0.519444
2 0.092188 0.243750 0.184375 0.487500
2 0.989844 0.609028 0.018750 0.298611
2 0.693359 0.364583 0.202344 0.087500
2 0.510547 0.443750 0.221094 0.226389
