2 0.457422 0.578472 0.758594 0.654167
2 0.149219 0.638194 0.298438 0.456944
2 0.007031 0.545139 0.014063 0.284722
2 0.905469 0.776389 0.053125 0.033333
1 0.595313 0.460417 0.285938 0.134722
1 0.597266 0.355556 0.302344 0.111111
1 0.596875 0.403472 0.301563 0.126389
2 0.851172 0.563194 0.296094 0.512500
2 0.855469 0.197917 0.287500 0.395833
2 0.266016 0.673611 0.532031 0.650000
2 0.604688 0.794444 0.789062 0.408333
1 0.728906 0.457639 0.215625 0.118056
1 0.727344 0.517361 0.228125 0.115278
1 0.556250 0.465278 0.128125 0.022222
1 0.542578 0.450000 0.128906 0.041667
1 0.939844 0.417361 0.118750 0.054167
