1 0.425391 0.723611 0.032031 0.013889
4 0.423438 0.686111 0.028125 0.011111
4 0.421094 0.656250 0.023438 0.004167
2 0.096875 0.569444 0.193750 0.858333
2 0.580078 0.570833 0.672656 0.855556
2 0.122266 0.427083 0.244531 0.504167
2 0.457031 0.613194 0.326562 0.409722
2 0.217969 0.649306 0.060937 0.284722
2 0.389062 0.634722 0.190625 0.247222
2 0.220703 0.377778 0.060156 0.277778
2 0.386328 0.388889 0.196094 0.291667
2 0.199219 0.620833 0.029687 0.580556
2 0.503516 0.603472 0.432031 0.548611
5 0.242969 0.598611 0.003125 0.086111
0 0.666406 0.418056 0.023438 0.033333
0 0.646484 0.572917 0.052344 0.051389
1 0.423438 0.661111 0.028125 0.013889
3 0.927344 0.563889 0.143750 0.344444
1 0.419531 0.596528 0.079687 0.001389
