1 0.966406 0.817361 0.065625 0.065278
2 0.844141 0.681944 0.135156 0.161111
0 0.716406 0.481944 0.034375 0.008333
0 0.653516 0.539583 0.032031 0.012500
4 0.126562 0.685417 0.015625 0.006944
4 0.112500 0.661111 0.043750 0.050000
2 0.837891 0.935417 0.322656 0.126389
2 0.953516 0.906250 0.091406 0.184722
2 0.082812 0.947917 0.165625 0.101389
2 0.462891 0.804167 0.344531 0.358333
2 0.197656 0.944444 0.300000 0.108333
2 0.173047 0.710417 0.346094 0.576389
1 0.002344 0.793750 0.004687 0.037500
2 0.120313 0.831250 0.240625 0.281944
2 0.325391 0.797917 0.192969 0.262500
2 0.314453 0.577083 0.214844 0.262500
2 0.351172 0.954861 0.402344 0.087500
2 0.642578 0.822917 0.389844 0.351389
2 0.844531 0.807639 0.309375 0.381944
0 0.326562 0.459028 0.017188 0.006944
1 0.280469 0.770833 0.084375 0.058333
3 0.508984 0.574306 0.188281 0.279167
1 0.283203 0.738194 0.089844 0.054167
