2 0.398438 0.825000 0.193750 0.341667
2 0.441016 0.876389 0.275781 0.244444
2 0.466406 0.961806 0.323437 0.073611
0 0.132422 0.352083 0.066406 0.040278
2 0.364453 0.625694 0.158594 0.284722
2 0.879687 0.656944 0.239063 0.188889
2 0.704297 0.775000 0.111719 0.266667
2 0.642578 0.750000 0.111719 0.316667
2 0.775391 0.531944 0.250781 0.355556
2 0.527344 0.743056 0.165625 0.311111
2 0.595703 0.814583 0.222656 0.326389
2 0.596875 0.540972 0.225000 0.370833
2 0.698438 0.784722 0.340625 0.427778
2 0.828516 0.831944 0.341406 0.333333
