2 0.043359 0.300000 0.086719 0.197222
3 0.148047 0.319444 0.180469 0.466667
1 0.017578 0.625000 0.035156 0.075000
2 0.935156 0.414583 0.050000 0.026389
2 0.789062 0.478472 0.190625 0.165278
2 0.586328 0.452778 0.185156 0.122222
2 0.992969 0.295139 0.012500 0.176389
2 0.879297 0.304861 0.160156 0.201389
2 0.867578 0.599306 0.263281 0.395833
2 0.603906 0.718056 0.246875 0.394444
2 0.731641 0.375000 0.142969 0.200000
2 0.585156 0.343056 0.131250 0.138889
2 0.698438 0.738889 0.559375 0.519444
2 0.982031 0.335417 0.034375 0.265278
2 0.828516 0.625000 0.222656 0.341667
2 0.592578 0.488194 0.213281 0.076389
