2 0.012500 0.553472 0.025000 0.201389
3 0.123047 0.563194 0.127344 0.462500
1 0.053125 0.845833 0.106250 0.102778
1 0.055859 0.883333 0.111719 0.113889
1 0.062891 0.995833 0.032031 0.005556
2 0.924609 0.654167 0.149219 0.186111
2 0.781641 0.686806 0.182031 0.243056
2 0.621875 0.702083 0.179688 0.259722
2 0.900391 0.487500 0.136719 0.163889
2 0.757031 0.496528 0.134375 0.170833
2 0.904687 0.693750 0.189062 0.309722
2 0.738281 0.825694 0.234375 0.340278
2 0.641406 0.568056 0.131250 0.177778
2 0.519531 0.578472 0.129688 0.184722
2 0.937109 0.975000 0.074219 0.047222
2 0.948828 0.779861 0.100781 0.437500
2 0.959375 0.715278 0.079687 0.238889
2 0.960547 0.509028 0.077344 0.237500
2 0.850781 0.736111 0.207813 0.280556
2 0.673828 0.759028 0.203906 0.295833
