2 0.259375 0.703472 0.132812 0.176389
2 0.372656 0.686806 0.128125 0.154167
2 0.372266 0.550000 0.128906 0.152778
1 0.513672 0.737500 0.110156 0.041667
2 0.709766 0.628472 0.114844 0.159722
3 0.781250 0.636111 0.243750 0.372222
1 0.520312 0.804861 0.112500 0.068056
1 0.357422 0.838889 0.074219 0.050000
2 0.063281 0.773611 0.126562 0.244444
2 0.934766 0.774306 0.128906 0.134722
2 0.912891 0.823611 0.172656 0.350000
2 0.788281 0.871528 0.271875 0.254167
2 0.148438 0.933333 0.200000 0.130556
2 0.414844 0.709028 0.520312 0.579167
2 0.212109 0.712500 0.328906 0.538889
2 0.987109 0.746528 0.024219 0.206944
2 0.878125 0.761806 0.242188 0.306944
