2 0.353516 0.449306 0.141406 0.212500
2 0.517578 0.431944 0.152344 0.177778
2 0.517188 0.291667 0.151562 0.122222
1 0.733984 0.502778 0.155469 0.041667
1 0.737109 0.536806 0.161719 0.040278
2 0.937500 0.360417 0.017188 0.229167
3 0.904297 0.331250 0.189844 0.662500
1 0.524219 0.537500 0.168750 0.077778
1 0.524219 0.584722 0.154688 0.083333
1 0.133594 0.540278 0.254688 0.069444
1 0.132031 0.588889 0.262500 0.080556
2 0.003906 0.451389 0.007812 0.222222
2 0.857422 0.584028 0.283594 0.829167
2 0.100781 0.590278 0.201563 0.816667
2 0.475000 0.550000 0.950000 0.897222
2 0.452734 0.597222 0.719531 0.802778
