2 0.732422 0.864583 0.533594 0.268056
2 0.976562 0.853472 0.045312 0.290278
2 0.186719 0.786111 0.373437 0.425000
2 0.838672 0.481944 0.321094 0.450000
2 0.516016 0.739583 0.355469 0.518056
2 0.329688 0.788889 0.023438 0.419444
2 0.516406 0.329167 0.376563 0.516667
2 0.166016 0.348611 0.332031 0.530556
2 0.966016 0.557639 0.066406 0.312500
1 0.322266 0.442361 0.035156 0.045833
2 0.582422 0.401389 0.211719 0.291667
2 0.780859 0.345139 0.210156 0.204167
2 0.587109 0.154861 0.221094 0.290278
2 0.785937 0.142361 0.225000 0.273611
2 0.153125 0.888889 0.306250 0.219444
2 0.610938 0.776389 0.451562 0.444444
2 0.151172 0.481944 0.302344 0.708333
2 0.891797 0.754861 0.214844 0.487500
1 0.324219 0.460417 0.032813 0.062500
5 0.474609 0.186111 0.069531 0.111111
1 0.738672 0.317361 0.103906 0.065278
3 0.963281 0.209028 0.071875 0.129167
1 0.734375 0.294444 0.115625 0.044444
