2 0.949609 0.940278 0.099219 0.116667
1 0.423828 0.645139 0.132031 0.059722
4 0.425781 0.614583 0.125000 0.062500
4 0.425781 0.582639 0.125000 0.059722
4 0.425391 0.547222 0.125781 0.072222
2 0.035547 0.789583 0.071094 0.270833
2 0.123438 0.828472 0.217188 0.287500
2 0.031250 0.563889 0.062500 0.241667
2 0.114453 0.600694 0.222656 0.295833
1 0.008984 0.703472 0.017969 0.054167
1 0.019141 0.731944 0.038281 0.061111
5 0.313672 0.562500 0.038281 0.141667
0 0.679688 0.363194 0.032813 0.043056
0 0.654297 0.526389 0.058594 0.075000
1 0.210938 0.740278 0.175000 0.080556
3 0.891406 0.583333 0.215625 0.422222
1 0.210547 0.709722 0.172656 0.077778
