1 0.022656 0.728472 0.026562 0.073611
2 0.292578 0.446528 0.136719 0.201389
2 0.343359 0.267361 0.110156 0.034722
0 0.585547 0.181944 0.025781 0.019444
2 0.629297 0.297917 0.092969 0.090278
2 0.617188 0.361806 0.067187 0.193056
2 0.676953 0.429167 0.142969 0.194444
2 0.755078 0.411111 0.130469 0.177778
2 0.678516 0.258333 0.146094 0.186111
2 0.402734 0.479167 0.086719 0.238889
2 0.238672 0.388194 0.097656 0.154167
2 0.146875 0.400694 0.134375 0.168056
1 0.901563 0.390972 0.009375 0.009722
2 0.851172 0.511111 0.122656 0.283333
2 0.778516 0.557639 0.219531 0.323611
2 0.786719 0.277778 0.229687 0.294444
2 0.701953 0.386111 0.105469 0.130556
2 0.655469 0.338194 0.014063 0.012500
2 0.694141 0.248611 0.125781 0.144444
2 0.349219 0.375000 0.129688 0.216667
1 0.921875 0.600694 0.154688 0.090278
3 0.512891 0.499306 0.308594 0.998611
1 0.918359 0.554167 0.161719 0.088889
