1 0.157031 0.939583 0.314063 0.118056
1 0.439453 0.758333 0.274219 0.122222
1 0.440625 0.823611 0.256250 0.113889
2 0.841406 0.688194 0.259375 0.345833
1 0.444531 0.647222 0.104688 0.030556
4 0.454688 0.616667 0.118750 0.036111
4 0.455078 0.586111 0.117969 0.033333
4 0.454688 0.556250 0.118750 0.034722
2 0.046875 0.612500 0.093750 0.200000
2 0.128516 0.620139 0.180469 0.215278
2 0.047266 0.420139 0.094531 0.201389
2 0.125781 0.413194 0.185938 0.215278
1 0.009766 0.652778 0.010156 0.022222
1 0.009766 0.641667 0.010156 0.002778
1 0.015625 0.603472 0.021875 0.026389
1 0.015234 0.628472 0.021094 0.026389
1 0.329688 0.643056 0.135937 0.033333
5 0.364844 0.546528 0.028125 0.029167
0 0.685156 0.529861 0.025000 0.026389
0 0.678125 0.352083 0.025000 0.034722
1 0.260547 0.605556 0.083594 0.036111
3 0.882812 0.499306 0.232813 0.409722
1 0.258594 0.577083 0.079687 0.031944
