2 0.608203 0.406250 0.172656 0.248611
2 0.395703 0.390972 0.174219 0.218056
2 0.208594 0.388889 0.190625 0.216667
2 0.717969 0.241667 0.076563 0.138889
2 0.566797 0.259028 0.125781 0.176389
0 0.882422 0.052778 0.038281 0.033333
2 0.741016 0.248611 0.028906 0.125000
2 0.360547 0.363889 0.232031 0.316667
2 0.541016 0.486111 0.021094 0.325000
2 0.955078 0.489583 0.088281 0.318056
2 0.876172 0.202083 0.246094 0.318056
2 0.128125 0.483333 0.256250 0.322222
2 0.432422 0.329861 0.124219 0.176389
2 0.297266 0.324306 0.133594 0.165278
1 0.558203 0.752778 0.038281 0.213889
2 0.275391 0.730556 0.430469 0.536111
2 0.048438 0.730556 0.096875 0.536111
2 0.857812 0.327778 0.207813 0.041667
2 0.619531 0.442361 0.185938 0.281944
2 0.873047 0.181250 0.228906 0.237500
2 0.386328 0.440972 0.197656 0.281944
2 0.169141 0.440278 0.219531 0.280556
1 0.769141 0.846528 0.386719 0.304167
1 0.785156 0.796528 0.428125 0.404167
1 0.640234 0.896528 0.128906 0.204167
1 0.574219 0.934722 0.021875 0.127778
1 0.564063 0.979861 0.001563 0.037500
