3 0.093750 0.677778 0.187500 0.566667
1 0.219141 0.944444 0.288281 0.108333
1 0.326953 0.988194 0.089844 0.020833
2 0.814063 0.647917 0.128125 0.190278
2 0.735156 0.680556 0.153125 0.213889
2 0.648828 0.727083 0.167969 0.259722
2 0.650000 0.527083 0.106250 0.145833
2 0.562109 0.545833 0.119531 0.161111
0 0.798438 0.393056 0.035937 0.022222
2 0.878906 0.555556 0.123438 0.166667
2 0.937500 0.646528 0.123438 0.251389
2 0.973047 0.687500 0.052344 0.200000
2 0.974609 0.503472 0.049219 0.190278
2 0.882422 0.788194 0.185156 0.309722
2 0.479687 0.628472 0.129688 0.181944
2 0.395313 0.654167 0.126562 0.202778
2 0.951562 0.638889 0.095312 0.119444
2 0.911719 0.677778 0.131250 0.202778
2 0.912500 0.499306 0.143750 0.190278
2 0.839063 0.708333 0.160938 0.241667
2 0.759766 0.756944 0.175781 0.283333
