0 0.904687 0.437500 0.040625 0.019444
0 0.817578 0.501389 0.041406 0.022222
1 0.059375 0.852083 0.007812 0.037500
4 0.062109 0.804861 0.002344 0.045833
4 0.061719 0.759722 0.003125 0.044444
4 0.060937 0.716667 0.003125 0.047222
2 0.381641 0.995139 0.063281 0.006944
2 0.501563 0.930556 0.329688 0.136111
2 0.206250 0.761111 0.412500 0.475000
2 0.504687 0.731944 0.342187 0.488889
1 0.066016 0.925694 0.017969 0.051389
0 0.425781 0.404861 0.031250 0.043056
3 0.671484 0.560417 0.171094 0.379167
1 0.214453 0.895833 0.003906 0.002778
