2 0.701172 0.842361 0.596094 0.312500
2 0.183984 0.795139 0.110156 0.226389
2 0.160547 0.847222 0.133594 0.272222
2 0.129297 0.873611 0.164844 0.250000
0 0.066016 0.507639 0.042969 0.023611
2 0.199609 0.684722 0.092969 0.186111
2 0.430469 0.743750 0.123438 0.251389
2 0.411719 0.788194 0.104688 0.218056
2 0.355859 0.701389 0.007031 0.083333
2 0.412891 0.604167 0.107031 0.191667
2 0.400391 0.592361 0.094531 0.168056
2 0.455078 0.868056 0.149219 0.261111
2 0.781250 0.734722 0.143750 0.083333
2 0.873828 0.778472 0.192969 0.109722
2 0.786328 0.616667 0.153906 0.213889
2 0.869531 0.637500 0.200000 0.255556
2 0.301172 0.713194 0.085156 0.098611
2 0.301953 0.721528 0.099219 0.084722
2 0.296875 0.591667 0.093750 0.166667
2 0.294141 0.821528 0.128906 0.229167
2 0.300781 0.870833 0.142187 0.255556
1 0.975391 0.822917 0.047656 0.023611
1 0.960938 0.813889 0.076563 0.069444
