2 0.622656 0.508333 0.160938 0.177778
2 0.449609 0.538889 0.135156 0.202778
2 0.303906 0.586111 0.171875 0.261111
2 0.618750 0.356944 0.121875 0.150000
2 0.476953 0.376389 0.125781 0.169444
0 0.756641 0.227778 0.036719 0.027778
2 0.769141 0.422222 0.160156 0.186111
2 0.571484 0.561111 0.208594 0.297222
2 0.700000 0.561806 0.056250 0.145833
2 0.381250 0.700000 0.214062 0.333333
2 0.363281 0.441667 0.126562 0.161111
2 0.238281 0.467361 0.131250 0.190278
1 0.965625 0.847917 0.067187 0.104167
2 0.927344 0.879861 0.143750 0.237500
2 0.501172 0.901389 0.125781 0.194444
2 0.860938 0.604167 0.276562 0.444444
2 0.700000 0.552083 0.056250 0.165278
2 0.687500 0.370833 0.182812 0.213889
2 0.495703 0.600694 0.141406 0.226389
2 0.338672 0.638889 0.191406 0.294444
