1 0.856641 0.015278 0.067969 0.030556
2 0.007812 0.686806 0.015625 0.179167
2 0.166016 0.706944 0.332031 0.583333
2 0.496094 0.755556 0.473438 0.486111
2 0.338672 0.242361 0.314844 0.448611
2 0.103125 0.325000 0.206250 0.327778
2 0.108984 0.114583 0.217969 0.229167
2 0.782422 0.258333 0.000781 0.016667
1 0.329688 0.059028 0.184375 0.029167
1 0.327344 0.024306 0.187500 0.048611
1 0.328125 0.036806 0.185938 0.056944
2 0.507812 0.105556 0.198437 0.211111
2 0.713281 0.148611 0.204687 0.297222
2 0.714453 0.027083 0.196094 0.054167
2 0.067969 0.465278 0.135937 0.488889
2 0.231250 0.384028 0.382812 0.556944
2 0.590625 0.472222 0.390625 0.625000
1 0.446094 0.025000 0.051562 0.050000
1 0.449219 0.035417 0.054688 0.070833
1 0.455469 0.047222 0.043750 0.052778
1 0.455859 0.063194 0.041406 0.026389
1 0.232422 0.041667 0.008594 0.008333
1 0.633984 0.027083 0.036719 0.034722
1 0.731641 0.072222 0.161719 0.066667
1 0.736328 0.038889 0.175781 0.077778
