1 0.175391 0.953472 0.350781 0.090278
1 0.859375 0.886806 0.279687 0.162500
1 0.866406 0.963194 0.265625 0.070833
2 0.473047 0.731944 0.121094 0.175000
2 0.429688 0.746528 0.134375 0.240278
2 0.371094 0.748611 0.182812 0.291667
2 0.221875 0.672917 0.123438 0.165278
2 0.140234 0.661111 0.150781 0.194444
0 0.391016 0.522222 0.038281 0.022222
2 0.502344 0.669444 0.096875 0.172222
2 0.704688 0.641667 0.135937 0.247222
2 0.700000 0.735417 0.100000 0.187500
2 0.698438 0.747917 0.081250 0.126389
2 0.702734 0.550694 0.113281 0.212500
2 0.703125 0.569444 0.093750 0.169444
2 0.699219 0.747222 0.150000 0.302778
2 0.067578 0.747222 0.135156 0.225000
2 0.023828 0.749306 0.047656 0.234722
1 0.995703 0.743056 0.007031 0.030556
2 0.644922 0.802778 0.003906 0.050000
2 0.577344 0.735417 0.087500 0.170833
2 0.601172 0.571528 0.088281 0.165278
2 0.581250 0.552778 0.114062 0.208333
2 0.564844 0.747917 0.121875 0.245833
2 0.530859 0.749306 0.169531 0.298611
