1 0.769531 0.400694 0.076563 0.034722
4 0.771484 0.364583 0.080469 0.054167
4 0.772656 0.334722 0.081250 0.050000
4 0.773438 0.300694 0.081250 0.059722
2 0.136328 0.874306 0.272656 0.248611
2 0.393750 0.911111 0.387500 0.175000
2 0.294531 0.611806 0.267188 0.381944
2 0.098047 0.652778 0.196094 0.313889
2 0.013672 0.614583 0.027344 0.243056
2 0.534766 0.760417 0.255469 0.373611
1 0.296094 0.469444 0.164062 0.069444
1 0.294531 0.407639 0.165625 0.065278
1 0.295312 0.438194 0.165625 0.068056
2 0.451953 0.488194 0.175781 0.262500
2 0.629297 0.524306 0.177344 0.259722
2 0.632422 0.311111 0.182031 0.266667
2 0.053516 0.699306 0.107031 0.218056
2 0.198047 0.734028 0.321094 0.476389
2 0.480469 0.768750 0.321875 0.459722
1 0.370312 0.475000 0.121875 0.080556
1 0.257812 0.484028 0.073438 0.029167
1 0.208203 0.429861 0.000781 0.001389
1 0.253125 0.472222 0.003125 0.002778
1 0.572656 0.418750 0.015625 0.023611
5 0.643359 0.279861 0.010156 0.048611
0 0.980859 0.197917 0.036719 0.045833
0 0.975391 0.356250 0.042969 0.045833
1 0.654297 0.460417 0.147656 0.062500
1 0.655469 0.427083 0.156250 0.070833
