1 0.828906 0.108333 0.085938 0.038889
4 0.832422 0.070139 0.089844 0.056944
4 0.835547 0.037500 0.088281 0.052778
4 0.836719 0.015972 0.087500 0.031944
2 0.003516 0.663194 0.007031 0.109722
2 0.145313 0.695833 0.290625 0.605556
2 0.407813 0.735417 0.423438 0.526389
2 0.312500 0.243056 0.285938 0.333333
2 0.057422 0.218056 0.114844 0.116667
2 0.017969 0.215278 0.035937 0.116667
2 0.014453 0.084722 0.028906 0.169444
2 0.571484 0.470833 0.275781 0.461111
1 0.318359 0.152778 0.161719 0.075000
1 0.324609 0.089583 0.175781 0.065278
1 0.319141 0.119444 0.160156 0.075000
2 0.489844 0.172917 0.187500 0.268056
2 0.678125 0.206944 0.193750 0.294444
2 0.066016 0.459722 0.132031 0.430556
2 0.210156 0.386111 0.343750 0.494444
2 0.510547 0.461111 0.353906 0.552778
1 0.395313 0.196528 0.004687 0.009722
1 0.235937 0.117361 0.003125 0.001389
1 0.604297 0.117361 0.044531 0.034722
1 0.706250 0.152083 0.167187 0.076389
1 0.707031 0.121528 0.160938 0.065278
