1 0.886719 0.866667 0.225000 0.127778
2 0.899219 0.699306 0.200000 0.234722
0 0.833984 0.442361 0.041406 0.009722
0 0.772656 0.516667 0.037500 0.011111
2 0.296094 0.881944 0.592187 0.233333
2 0.083203 0.638889 0.166406 0.069444
2 0.083594 0.481250 0.167187 0.281944
2 0.208594 0.747222 0.417187 0.502778
0 0.356250 0.404861 0.023438 0.034722
0 0.355859 0.489583 0.032031 0.012500
0 0.316797 0.488889 0.039844 0.011111
0 0.313672 0.654167 0.030469 0.027778
3 0.586719 0.554167 0.240625 0.325000
1 0.007812 0.671528 0.015625 0.004167
