2 0.670312 0.727083 0.145313 0.173611
2 0.769922 0.729167 0.138281 0.163889
2 0.669141 0.565278 0.142969 0.180556
2 0.767969 0.575694 0.135937 0.170833
1 0.885547 0.797222 0.055469 0.025000
1 0.965234 0.791667 0.067969 0.016667
1 0.858984 0.750694 0.189844 0.037500
1 0.859375 0.789583 0.189062 0.037500
2 0.565234 0.713194 0.172656 0.234722
0 0.149219 0.450000 0.048438 0.008333
0 0.017578 0.552083 0.035156 0.040278
1 0.006641 0.948611 0.013281 0.100000
1 0.997266 0.861111 0.003906 0.066667
1 0.948047 0.626389 0.021094 0.088889
3 0.004297 0.670833 0.008594 0.325000
1 0.947266 0.536111 0.017969 0.091667
