1 0.965625 0.634722 0.067187 0.125000
2 0.953516 0.399306 0.091406 0.279167
0 0.915625 0.020139 0.045312 0.040278
0 0.839844 0.068750 0.040625 0.051389
1 0.207031 0.311111 0.040625 0.013889
2 0.166406 0.843750 0.332813 0.309722
2 0.493750 0.859722 0.367188 0.277778
2 0.065625 0.684028 0.131250 0.306944
2 0.250391 0.593750 0.241406 0.393056
2 0.056250 0.377083 0.112500 0.368056
2 0.274219 0.956944 0.215625 0.083333
2 0.649609 0.865972 0.477344 0.265278
5 0.014063 0.284722 0.028125 0.111111
0 0.427734 0.000694 0.022656 0.001389
0 0.433984 0.159028 0.025781 0.034722
1 0.208984 0.509722 0.199219 0.105556
3 0.654687 0.150000 0.231250 0.300000
1 0.204297 0.472222 0.196094 0.097222
