4 0.948828 0.977778 0.044531 0.041667
4 0.963672 0.937500 0.071094 0.122222
1 0.059375 0.838889 0.118750 0.130556
1 0.059766 0.754167 0.119531 0.102778
1 0.060156 0.784028 0.120313 0.148611
2 0.067187 0.868750 0.134375 0.259722
2 0.065234 0.946528 0.130469 0.104167
1 0.189844 0.918056 0.057813 0.116667
1 0.191797 0.831944 0.067969 0.077778
1 0.191406 0.786111 0.067187 0.047222
1 0.191406 0.805556 0.068750 0.086111
1 0.582422 0.975694 0.032031 0.045833
5 0.892969 0.870833 0.129688 0.255556
1 0.212500 0.986111 0.017188 0.025000
