2 0.370312 0.455556 0.131250 0.172222
2 0.500000 0.459028 0.125000 0.176389
2 0.369922 0.299306 0.132031 0.168056
1 0.675000 0.455556 0.129688 0.041667
1 0.674609 0.486111 0.128906 0.036111
1 0.674219 0.515972 0.121875 0.026389
1 0.674219 0.534028 0.128125 0.048611
2 0.891797 0.411111 0.138281 0.197222
3 0.824219 0.420833 0.350000 0.538889
1 0.448437 0.493750 0.151562 0.068056
1 0.449219 0.529167 0.140625 0.058333
1 0.449609 0.543056 0.149219 0.033333
1 0.171875 0.490278 0.182812 0.052778
1 0.172656 0.526389 0.182812 0.055556
1 0.178516 0.566667 0.171094 0.044444
1 0.181641 0.593056 0.175781 0.063889
2 0.070312 0.465972 0.140625 0.168056
2 0.207422 0.949306 0.414844 0.098611
2 0.280469 0.813889 0.454688 0.369444
2 0.405469 0.762500 0.275000 0.472222
2 0.047656 0.594444 0.095312 0.147222
2 0.095703 0.804167 0.191406 0.358333
2 0.154688 0.754167 0.309375 0.463889
