1 0.754687 0.546528 0.129688 0.073611
2 0.056641 0.640278 0.113281 0.338889
2 0.123828 0.812500 0.247656 0.372222
1 0.217969 0.539583 0.139063 0.068056
1 0.216016 0.488194 0.139844 0.056944
1 0.216797 0.511111 0.139844 0.066667
2 0.318359 0.588889 0.164844 0.230556
2 0.439453 0.631250 0.182031 0.281944
2 0.314844 0.397917 0.168750 0.234722
2 0.048438 0.780556 0.096875 0.383333
1 0.324219 0.563194 0.128125 0.079167
1 0.262109 0.541667 0.119531 0.061111
1 0.299219 0.495833 0.026562 0.025000
1 0.303906 0.510417 0.035937 0.045833
1 0.450391 0.518056 0.002344 0.013889
5 0.642969 0.458333 0.057813 0.136111
0 0.979688 0.370833 0.039062 0.052778
0 0.976172 0.547222 0.046094 0.055556
1 0.526953 0.584722 0.155469 0.077778
1 0.527734 0.560417 0.164844 0.070833
