1 0.495703 0.748611 0.107031 0.027778
4 0.498047 0.717361 0.107031 0.031944
4 0.528125 0.685417 0.046875 0.031944
4 0.526953 0.650694 0.049219 0.040278
2 0.060547 0.916667 0.121094 0.163889
2 0.330078 0.917361 0.486719 0.162500
2 0.121875 0.778472 0.243750 0.404167
2 0.386328 0.759028 0.288281 0.073611
2 0.276172 0.721528 0.069531 0.145833
2 0.416406 0.721528 0.178125 0.145833
2 0.213281 0.549306 0.196875 0.245833
2 0.094141 0.882639 0.188281 0.231944
2 0.368359 0.873611 0.360156 0.213889
1 0.271875 0.745833 0.057813 0.025000
5 0.358984 0.674306 0.058594 0.168056
0 0.746094 0.620139 0.017188 0.026389
0 0.739453 0.454167 0.032031 0.033333
1 0.427344 0.743056 0.156250 0.030556
3 0.925000 0.607639 0.148438 0.337500
1 0.407813 0.712500 0.110937 0.038889
