1 0.603516 0.913194 0.360156 0.170833
1 0.549609 0.941667 0.271094 0.113889
1 0.542578 0.972222 0.021094 0.019444
1 0.767578 0.801389 0.236719 0.225000
1 0.721875 0.379861 0.117188 0.054167
2 0.014063 0.638194 0.028125 0.290278
2 0.082422 0.390972 0.164844 0.262500
2 0.026562 0.422222 0.053125 0.169444
2 0.175000 0.530556 0.204687 0.308333
1 0.239453 0.360417 0.125781 0.043056
2 0.331250 0.386806 0.145313 0.198611
2 0.441406 0.413889 0.159375 0.227778
2 0.328906 0.220833 0.150000 0.194444
2 0.024219 0.506944 0.048438 0.238889
2 0.084375 0.582639 0.168750 0.345833
1 0.338281 0.347917 0.075000 0.054167
1 0.321875 0.371528 0.085938 0.054167
1 0.323047 0.391667 0.083594 0.050000
1 0.237891 0.389583 0.047656 0.026389
5 0.623437 0.293056 0.065625 0.155556
0 0.969531 0.120833 0.028125 0.038889
0 0.964844 0.214583 0.035937 0.031944
0 0.923438 0.209722 0.043750 0.030556
0 0.917578 0.368750 0.042969 0.034722
1 0.553125 0.390278 0.065625 0.044444
1 0.555469 0.363889 0.070312 0.047222
