1 0.067187 0.552778 0.134375 0.080556
1 0.486328 0.468056 0.405469 0.094444
1 0.493359 0.561111 0.391406 0.097222
2 0.922656 0.470833 0.153125 0.941667
2 0.450391 0.426389 0.033594 0.136111
2 0.460938 0.436806 0.056250 0.206944
2 0.348828 0.430556 0.169531 0.238889
2 0.287109 0.384028 0.108594 0.143056
2 0.202344 0.372917 0.129688 0.168056
0 0.439453 0.247917 0.035156 0.020833
2 0.529687 0.322917 0.100000 0.048611
2 0.635156 0.327083 0.109375 0.195833
2 0.683984 0.511806 0.000781 0.001389
2 0.671094 0.227083 0.037500 0.051389
2 0.603906 0.422222 0.153125 0.250000
2 0.133594 0.438194 0.125000 0.181944
2 0.050781 0.422222 0.101562 0.186111
1 0.984375 0.433333 0.021875 0.030556
2 0.986328 0.432639 0.025781 0.229167
2 0.997656 0.422222 0.003125 0.225000
2 0.610156 0.264583 0.084375 0.112500
2 0.527344 0.440278 0.123438 0.205556
2 0.468750 0.424306 0.150000 0.240278
