2 0.060156 0.530556 0.120313 0.280556
2 0.124219 0.551389 0.084375 0.238889
2 0.148828 0.502083 0.092969 0.206944
2 0.089453 0.363194 0.144531 0.218056
2 0.035156 0.725000 0.070312 0.361111
1 0.442188 0.504861 0.056250 0.001389
1 0.449609 0.484028 0.088281 0.043056
1 0.443750 0.493056 0.060937 0.025000
2 0.445703 0.602083 0.122656 0.265278
2 0.458984 0.731250 0.141406 0.295833
2 0.457813 0.448611 0.145313 0.311111
2 0.061328 0.404861 0.082031 0.006944
2 0.026953 0.333333 0.053906 0.158333
1 0.541016 0.618056 0.053906 0.069444
1 0.548828 0.574306 0.038281 0.020833
1 0.543359 0.534722 0.049219 0.027778
1 0.548828 0.552778 0.038281 0.050000
1 0.869922 0.685417 0.158594 0.104167
1 0.638672 0.694444 0.153906 0.122222
1 0.639062 0.653472 0.153125 0.118056
