2 0.696875 0.440278 0.043750 0.094444
2 0.546094 0.443750 0.168750 0.090278
2 0.361719 0.364583 0.182812 0.254167
2 0.611719 0.402778 0.007812 0.005556
2 0.660547 0.209722 0.202344 0.322222
2 0.903125 0.362500 0.189062 0.269444
2 0.966016 0.484028 0.028906 0.015278
2 0.437109 0.334028 0.250781 0.337500
2 0.393359 0.474306 0.019531 0.012500
2 0.258984 0.390278 0.028906 0.180556
2 0.926172 0.379861 0.146094 0.304167
2 0.704297 0.274306 0.489844 0.548611
2 0.717578 0.443750 0.032031 0.090278
2 0.373828 0.229861 0.177344 0.298611
1 0.791797 0.131250 0.414844 0.262500
1 0.800781 0.054167 0.396875 0.108333
