2 0.701562 0.261806 0.118750 0.170833
2 0.823828 0.262500 0.130469 0.169444
2 0.705859 0.115972 0.121094 0.168056
2 0.830078 0.118056 0.133594 0.169444
1 0.958594 0.290278 0.081250 0.050000
1 0.959375 0.314583 0.079687 0.045833
1 0.957422 0.336806 0.083594 0.051389
1 0.876563 0.429167 0.103125 0.083333
1 0.635156 0.433333 0.150000 0.075000
2 0.463281 0.309722 0.100000 0.208333
2 0.858203 0.743056 0.282031 0.511111
2 0.814063 0.992361 0.010937 0.012500
2 0.906250 0.722917 0.185938 0.551389
2 0.811719 0.731250 0.243750 0.481944
2 0.118359 0.824306 0.236719 0.348611
2 0.204297 0.718750 0.246094 0.470833
2 0.119922 0.575694 0.239844 0.623611
2 0.172266 0.398611 0.267969 0.436111
2 0.986719 0.722917 0.025000 0.112500
2 0.941406 0.641667 0.115625 0.288889
3 0.051562 0.184722 0.103125 0.330556
1 0.084766 0.595139 0.053906 0.015278
