1 0.935547 0.704167 0.127344 0.097222
2 0.064844 0.642361 0.129688 0.223611
2 0.007422 0.465278 0.014844 0.191667
2 0.121094 0.850694 0.198437 0.295833
1 0.334375 0.626389 0.143750 0.077778
1 0.332422 0.570833 0.133594 0.063889
1 0.333594 0.597917 0.135937 0.070833
2 0.416406 0.690972 0.170313 0.259722
2 0.528516 0.757639 0.196094 0.329167
2 0.417969 0.484028 0.168750 0.251389
2 0.016016 0.836806 0.032031 0.323611
1 0.454688 0.617361 0.145313 0.073611
1 0.451953 0.648611 0.150781 0.069444
1 0.452344 0.674306 0.143750 0.068056
1 0.363281 0.659722 0.034375 0.027778
1 0.375000 0.640972 0.001563 0.009722
1 0.753125 0.677778 0.073438 0.050000
5 0.828516 0.588194 0.071094 0.154167
1 0.645703 0.718750 0.186719 0.098611
1 0.645703 0.684028 0.177344 0.090278
