2 0.771875 0.499306 0.454688 0.998611
2 0.798828 0.060417 0.294531 0.120833
3 0.083203 0.995833 0.166406 0.005556
1 0.653516 0.959722 0.297656 0.077778
2 0.405859 0.706944 0.099219 0.186111
2 0.403516 0.729861 0.144531 0.270833
2 0.097266 0.629167 0.114844 0.169444
2 0.059375 0.622917 0.118750 0.201389
0 0.265625 0.470139 0.037500 0.037500
2 0.398438 0.570833 0.079687 0.047222
2 0.672656 0.622917 0.089063 0.218056
2 0.599219 0.705556 0.096875 0.180556
2 0.542578 0.696528 0.017969 0.145833
2 0.598828 0.531250 0.096094 0.187500
2 0.707422 0.726389 0.153906 0.258333
2 0.035156 0.719444 0.070312 0.233333
2 0.006250 0.721528 0.012500 0.240278
1 0.898828 0.701389 0.133594 0.030556
2 0.947656 0.712500 0.103125 0.208333
2 0.987500 0.715972 0.023438 0.218056
2 0.987500 0.509722 0.023438 0.211111
2 0.494141 0.691667 0.078906 0.141667
2 0.509375 0.708333 0.096875 0.180556
2 0.489844 0.545833 0.085938 0.166667
2 0.514062 0.716667 0.090625 0.222222
2 0.553516 0.728472 0.155469 0.265278
1 0.985547 0.692361 0.027344 0.026389
1 0.970703 0.719444 0.057031 0.030556
1 0.960938 0.733333 0.035937 0.008333
1 0.963281 0.770139 0.003125 0.001389
1 0.920312 0.763889 0.050000 0.013889
