2 0.624219 0.523611 0.151562 0.205556
2 0.765625 0.552083 0.160938 0.231944
1 0.941406 0.577778 0.115625 0.083333
1 0.940625 0.621528 0.117188 0.065278
1 0.941797 0.652778 0.114844 0.063889
1 0.939844 0.681250 0.118750 0.079167
3 0.915625 0.917361 0.167187 0.162500
1 0.632422 0.654861 0.200781 0.131944
1 0.632422 0.704167 0.188281 0.111111
1 0.631641 0.744444 0.199219 0.122222
1 0.631641 0.788194 0.186719 0.109722
1 0.350391 0.604861 0.189844 0.095833
1 0.351172 0.650694 0.191406 0.081944
1 0.351562 0.684722 0.189062 0.086111
1 0.352344 0.722917 0.198437 0.090278
2 0.298047 0.497917 0.155469 0.137500
2 0.325391 0.952778 0.300781 0.091667
2 0.024219 0.904861 0.048438 0.187500
2 0.116797 0.915972 0.233594 0.165278
3 0.035547 0.385417 0.071094 0.320833
