1 0.185938 0.525694 0.371875 0.206944
1 0.176953 0.621528 0.353906 0.156944
2 0.485938 0.647222 0.575000 0.702778
2 0.292969 0.151389 0.098437 0.180556
2 0.235547 0.172222 0.153906 0.216667
2 0.148047 0.202083 0.188281 0.254167
2 0.119922 0.065972 0.124219 0.131944
2 0.049609 0.077083 0.099219 0.154167
2 0.414844 0.025694 0.001563 0.051389
2 0.453516 0.102083 0.144531 0.204167
2 0.496484 0.153472 0.113281 0.195833
2 0.532031 0.135417 0.101562 0.173611
2 0.532422 0.030556 0.103906 0.061111
2 0.394141 0.213889 0.163281 0.266667
2 0.006641 0.146528 0.013281 0.176389
1 0.765625 0.154861 0.001563 0.026389
2 0.826172 0.195139 0.110156 0.193056
2 0.823828 0.234722 0.157031 0.291667
2 0.763672 0.026389 0.008594 0.052778
2 0.836719 0.054167 0.142187 0.108333
2 0.457031 0.124306 0.084375 0.154167
2 0.404297 0.150694 0.114844 0.190278
2 0.455859 0.024306 0.083594 0.048611
2 0.341797 0.097917 0.146094 0.195833
2 0.267188 0.118750 0.182812 0.237500
1 0.930078 0.213889 0.096094 0.050000
1 0.940234 0.247917 0.117969 0.031944
1 0.944531 0.246528 0.089063 0.004167
1 0.909375 0.175000 0.051562 0.030556
1 0.909375 0.202083 0.048438 0.026389
1 0.962891 0.232639 0.072656 0.079167
1 0.966406 0.193056 0.065625 0.072222
