2 0.062891 0.384028 0.125781 0.348611
2 0.108984 0.504167 0.217969 0.425000
2 0.199609 0.659028 0.272656 0.529167
2 0.021875 0.194444 0.043750 0.244444
2 0.383203 0.211806 0.203906 0.198611
2 0.277344 0.218750 0.168750 0.095833
2 0.205469 0.217361 0.146875 0.190278
2 0.271484 0.111806 0.177344 0.223611
2 0.157422 0.081250 0.071094 0.162500
2 0.537109 0.493750 0.183594 0.418056
1 0.566016 0.197917 0.142969 0.076389
1 0.566406 0.143750 0.143750 0.065278
1 0.566406 0.169444 0.143750 0.075000
2 0.675391 0.261806 0.169531 0.254167
2 0.820312 0.336806 0.212500 0.290278
2 0.684766 0.093750 0.182031 0.187500
2 0.831641 0.128472 0.225781 0.256944
2 0.089844 0.265278 0.157812 0.252778
2 0.159766 0.336111 0.174219 0.316667
2 0.079687 0.093750 0.159375 0.187500
2 0.248047 0.330556 0.208594 0.372222
2 0.371875 0.445833 0.254688 0.458333
1 0.667578 0.237500 0.110156 0.080556
1 0.592969 0.209722 0.126562 0.055556
1 0.647656 0.157639 0.020313 0.026389
1 0.647266 0.176389 0.019531 0.038889
5 0.996094 0.122222 0.006250 0.069444
1 0.958203 0.300000 0.080469 0.061111
1 0.960156 0.270833 0.078125 0.063889
