1 0.707031 0.952083 0.137500 0.093056
1 0.700391 0.920139 0.239844 0.156944
1 0.744922 0.986806 0.039844 0.023611
2 0.964063 0.835417 0.070312 0.326389
1 0.400000 0.402778 0.143750 0.063889
4 0.401953 0.369444 0.136719 0.066667
4 0.401172 0.334722 0.138281 0.063889
4 0.400391 0.295833 0.138281 0.077778
2 0.090625 0.609028 0.181250 0.323611
2 0.084375 0.352778 0.168750 0.338889
1 0.262500 0.414583 0.014063 0.031944
5 0.274609 0.313889 0.052344 0.155556
0 0.682422 0.086806 0.027344 0.048611
0 0.652344 0.271528 0.045312 0.081944
1 0.214453 0.509722 0.085156 0.088889
3 0.896094 0.326389 0.206250 0.463889
1 0.213281 0.475694 0.082812 0.087500
