2 0.110156 0.622917 0.114062 0.126389
2 0.020313 0.516667 0.040625 0.138889
0 0.130469 0.377778 0.037500 0.025000
2 0.203516 0.516667 0.121094 0.113889
2 0.228516 0.675000 0.164844 0.263889
2 0.316016 0.690278 0.117969 0.222222
2 0.383203 0.639583 0.071094 0.195833
2 0.306641 0.517361 0.135156 0.209722
2 0.359766 0.484722 0.116406 0.183333
2 0.134375 0.841667 0.203125 0.313889
1 0.629297 0.719444 0.083594 0.080556
1 0.619531 0.659722 0.104688 0.075000
1 0.619141 0.688889 0.103906 0.077778
2 0.592969 0.799306 0.132812 0.298611
2 0.552734 0.867361 0.163281 0.262500
2 0.553906 0.661111 0.165625 0.330556
2 0.287109 0.560417 0.003906 0.004167
2 0.284375 0.472917 0.117188 0.170833
2 0.213672 0.504167 0.141406 0.188889
2 0.122266 0.625694 0.171094 0.179167
2 0.058594 0.740278 0.117188 0.311111
1 0.819141 0.824306 0.019531 0.076389
1 0.818750 0.768750 0.015625 0.037500
1 0.819922 0.729861 0.016406 0.029167
1 0.819141 0.747917 0.016406 0.051389
1 0.977344 0.889583 0.043750 0.120833
1 0.732031 0.963194 0.139063 0.070833
1 0.732812 0.911111 0.150000 0.125000
