2 0.503906 0.482639 0.114062 0.168056
2 0.630078 0.484722 0.114844 0.169444
1 0.791406 0.557639 0.123438 0.048611
2 0.976172 0.454167 0.046094 0.180556
3 0.909766 0.501389 0.178906 0.475000
1 0.635938 0.630556 0.092188 0.066667
1 0.375391 0.578472 0.158594 0.065278
1 0.375781 0.609722 0.157812 0.063889
1 0.375781 0.648611 0.150000 0.047222
2 0.238281 0.523611 0.121875 0.202778
0 0.039062 0.291667 0.039062 0.013889
2 0.856641 0.903472 0.285156 0.190278
2 0.807422 0.829167 0.239844 0.338889
2 0.244531 0.806250 0.351562 0.384722
2 0.336719 0.815972 0.218750 0.326389
2 0.467578 0.922917 0.910156 0.151389
2 0.553125 0.807639 0.300000 0.381944
2 0.562109 0.586111 0.207031 0.141667
