2 0.934766 0.661806 0.128906 0.187500
2 0.997656 0.666667 0.003125 0.147222
2 0.935937 0.509722 0.126562 0.175000
2 0.998828 0.547917 0.000781 0.070833
1 0.919922 0.794444 0.158594 0.091667
1 0.917188 0.837500 0.164062 0.080556
1 0.694531 0.763889 0.153125 0.077778
2 0.656641 0.642361 0.125781 0.170833
2 0.113672 0.985417 0.099219 0.026389
2 0.384375 0.926389 0.356250 0.144444
2 0.610156 0.888889 0.285938 0.219444
2 0.150781 0.815972 0.287500 0.365278
2 0.003516 0.937500 0.007031 0.122222
2 0.001953 0.756250 0.003906 0.251389
2 0.361719 0.851389 0.239063 0.294444
2 0.021875 0.793750 0.042188 0.259722
2 0.124609 0.768750 0.191406 0.256944
2 0.123047 0.563889 0.196094 0.241667
2 0.052734 0.943750 0.105469 0.109722
2 0.246094 0.898611 0.318750 0.200000
2 0.470703 0.868056 0.260156 0.261111
0 0.202344 0.412500 0.029687 0.030556
0 0.188281 0.546528 0.034375 0.054167
3 0.386719 0.527083 0.176563 0.270833
1 0.015234 0.707639 0.028906 0.029167
