2 0.024219 0.425694 0.048438 0.173611
3 0.125781 0.422222 0.139063 0.388889
1 0.028125 0.613889 0.056250 0.063889
1 0.030859 0.650000 0.061719 0.069444
2 0.687891 0.542361 0.082031 0.223611
2 0.565234 0.545139 0.164844 0.229167
2 0.716016 0.388194 0.035156 0.104167
2 0.725391 0.477083 0.013281 0.243056
2 0.623828 0.606944 0.211719 0.294444
2 0.644141 0.461806 0.125781 0.123611
2 0.518750 0.484028 0.120313 0.165278
2 0.701562 0.778472 0.142187 0.440278
2 0.985547 0.181944 0.027344 0.044444
2 0.895703 0.243056 0.039844 0.033333
2 0.707422 0.469444 0.050781 0.238889
2 0.589453 0.474306 0.185156 0.248611
1 0.859375 0.929861 0.279687 0.137500
1 0.859766 0.888889 0.278906 0.219444
