2 0.073047 0.740972 0.146094 0.245833
2 0.041406 0.828472 0.082812 0.320833
2 0.001172 0.905556 0.002344 0.186111
0 0.016406 0.415972 0.032813 0.026389
2 0.127344 0.595139 0.128125 0.176389
2 0.275781 0.718056 0.154688 0.300000
2 0.355469 0.743750 0.035937 0.254167
2 0.343750 0.693056 0.084375 0.216667
2 0.310156 0.541667 0.125000 0.225000
2 0.229687 0.863889 0.196875 0.269444
1 0.681250 0.734722 0.118750 0.077778
2 0.718750 0.812500 0.167187 0.308333
2 0.781250 0.860417 0.201563 0.276389
2 0.235156 0.631944 0.112500 0.102778
2 0.160938 0.662500 0.076563 0.041667
2 0.190625 0.542361 0.142187 0.226389
2 0.122266 0.815278 0.155469 0.300000
2 0.083594 0.865278 0.167187 0.266667
1 0.810937 0.791667 0.128125 0.069444
1 0.763672 0.825000 0.033594 0.069444
1 0.733594 0.785417 0.026562 0.026389
1 0.933594 0.910417 0.131250 0.137500
1 0.930469 0.865972 0.137500 0.131944
