3 0.071094 0.704861 0.142187 0.587500
2 0.850391 0.623611 0.139844 0.216667
2 0.767969 0.691667 0.160938 0.269444
2 0.671875 0.760417 0.189062 0.315278
2 0.667188 0.458333 0.115625 0.166667
2 0.575000 0.493056 0.129688 0.186111
0 0.826953 0.311806 0.039844 0.045833
2 0.915234 0.515972 0.124219 0.201389
2 0.962109 0.663194 0.074219 0.276389
2 0.916797 0.836111 0.164844 0.325000
2 0.487109 0.592361 0.142969 0.212500
2 0.395313 0.636111 0.137500 0.238889
2 0.973437 0.597917 0.051562 0.151389
2 0.937891 0.647222 0.122656 0.219444
2 0.976562 0.444444 0.045312 0.172222
2 0.883984 0.730556 0.169531 0.297222
2 0.794922 0.811806 0.202344 0.348611
