3 0.147266 0.499306 0.294531 0.998611
2 0.738672 0.693056 0.121094 0.222222
2 0.762500 0.720139 0.148438 0.268056
2 0.790234 0.768056 0.202344 0.350000
2 0.390625 0.591667 0.114062 0.183333
2 0.346875 0.598611 0.142187 0.222222
0 0.562109 0.408333 0.039844 0.041667
2 0.718750 0.590278 0.100000 0.186111
2 0.982422 0.604167 0.033594 0.247222
2 0.953906 0.692361 0.090625 0.220833
2 0.932813 0.665278 0.121875 0.175000
2 0.953125 0.476389 0.092188 0.216667
2 0.315625 0.718056 0.117188 0.266667
2 0.252344 0.754167 0.132812 0.327778
2 0.826172 0.663889 0.113281 0.172222
2 0.864062 0.684722 0.139063 0.205556
2 0.912500 0.725694 0.173437 0.279167
2 0.929688 0.768056 0.139063 0.350000
