0 0.994922 0.300694 0.008594 0.009722
1 0.395703 0.472917 0.008594 0.026389
4 0.409766 0.443056 0.028906 0.030556
4 0.409375 0.418056 0.029687 0.036111
4 0.409375 0.396528 0.029687 0.023611
2 0.325391 0.768750 0.419531 0.459722
2 0.736328 0.643056 0.405469 0.266667
2 0.919531 0.609722 0.159375 0.233333
2 0.689844 0.822917 0.618750 0.351389
2 0.001172 0.777778 0.002344 0.136111
2 0.533594 0.483333 0.273438 0.336111
2 0.236328 0.674306 0.278906 0.409722
2 0.036719 0.683333 0.073438 0.425000
2 0.230078 0.312500 0.283594 0.380556
2 0.779297 0.595139 0.216406 0.279167
1 0.184766 0.520139 0.183594 0.062500
1 0.096484 0.454167 0.002344 0.038889
1 0.183594 0.486806 0.175000 0.051389
2 0.372656 0.496528 0.178125 0.220833
2 0.548438 0.465972 0.176563 0.173611
2 0.416016 0.293056 0.091406 0.227778
2 0.549219 0.290972 0.176563 0.223611
2 0.010547 0.756944 0.021094 0.483333
2 0.269531 0.743750 0.332813 0.509722
2 0.005469 0.325000 0.010937 0.425000
2 0.614062 0.540278 0.326562 0.427778
2 0.860938 0.513194 0.276562 0.387500
1 0.193359 0.540278 0.116406 0.022222
1 0.207031 0.573611 0.073438 0.058333
1 0.051172 0.586111 0.100781 0.080556
1 0.054297 0.532639 0.078906 0.040278
1 0.047266 0.552083 0.094531 0.073611
1 0.276172 0.503472 0.010156 0.029167
5 0.310156 0.480556 0.023438 0.016667
0 0.653125 0.353472 0.018750 0.023611
0 0.651953 0.206250 0.027344 0.029167
1 0.423047 0.452083 0.002344 0.009722
3 0.872266 0.268750 0.144531 0.154167
1 0.432422 0.425000 0.014844 0.005556
