2 0.274609 0.671528 0.135156 0.187500
2 0.367188 0.648611 0.125000 0.166667
2 0.366016 0.511111 0.125781 0.158333
1 0.452344 0.676389 0.050000 0.047222
2 0.668750 0.565972 0.114062 0.148611
3 0.753125 0.576389 0.171875 0.325000
1 0.562109 0.699306 0.139844 0.062500
1 0.561719 0.720833 0.132812 0.038889
1 0.510547 0.736806 0.035156 0.023611
1 0.415234 0.826389 0.049219 0.094444
2 0.170313 0.777778 0.167187 0.258333
2 0.894141 0.863194 0.058594 0.270833
2 0.795703 0.972222 0.247656 0.052778
2 0.958984 0.806250 0.080469 0.384722
2 0.775781 0.784028 0.332813 0.429167
2 0.951562 0.686806 0.079687 0.165278
