2 0.362109 0.679861 0.100781 0.193056
2 0.353125 0.703472 0.118750 0.234722
2 0.328906 0.745833 0.165625 0.313889
2 0.057422 0.595139 0.110156 0.181944
2 0.029297 0.599306 0.058594 0.215278
0 0.231641 0.426389 0.039844 0.025000
2 0.364063 0.593750 0.092188 0.179167
2 0.625000 0.606250 0.140625 0.243056
2 0.592578 0.686806 0.110156 0.206944
2 0.580859 0.660417 0.086719 0.156944
2 0.591016 0.486111 0.114844 0.197222
2 0.566406 0.488194 0.093750 0.148611
2 0.669531 0.738889 0.176563 0.300000
1 0.878125 0.676389 0.071875 0.041667
2 0.955078 0.702778 0.088281 0.236111
2 0.997656 0.775000 0.003125 0.027778
2 0.450000 0.670139 0.048438 0.176389
2 0.480469 0.675694 0.101562 0.184722
2 0.481641 0.485417 0.103906 0.198611
2 0.494531 0.711111 0.125000 0.250000
2 0.508984 0.743056 0.166406 0.308333
1 0.912109 0.723611 0.000781 0.002778
