2 0.335938 0.466667 0.126562 0.169444
2 0.448437 0.456250 0.121875 0.162500
2 0.335156 0.321528 0.128125 0.159722
2 0.447266 0.318056 0.124219 0.152778
1 0.608203 0.504167 0.072656 0.041667
2 0.794531 0.393750 0.134375 0.148611
3 0.884766 0.330556 0.185156 0.219444
1 0.563281 0.574306 0.117188 0.068056
1 0.356250 0.578472 0.165625 0.076389
1 0.357812 0.612500 0.153125 0.072222
2 0.129297 0.502778 0.119531 0.175000
2 0.880469 0.727778 0.237500 0.541667
2 0.738281 0.756944 0.268750 0.438889
2 0.155469 0.869444 0.260937 0.258333
2 0.138281 0.819444 0.256250 0.358333
2 0.131641 0.507639 0.263281 0.495833
2 0.967578 0.477083 0.063281 0.059722
2 0.871484 0.488194 0.255469 0.173611
