3 0.041797 0.003472 0.080469 0.006944
1 0.001953 0.051389 0.003906 0.036111
2 0.869531 0.011806 0.059375 0.023611
2 0.595313 0.034722 0.026562 0.069444
2 0.488672 0.034722 0.149219 0.066667
2 0.633594 0.053472 0.029687 0.106944
2 0.907813 0.039583 0.139063 0.079167
2 0.518750 0.111111 0.192188 0.222222
2 0.928906 0.413194 0.140625 0.356944
2 0.544141 0.395139 0.183594 0.454167
2 0.916797 0.119444 0.164844 0.238889
2 0.975391 0.023611 0.005469 0.047222
2 0.908984 0.034028 0.141406 0.068056
2 0.617188 0.018056 0.004687 0.036111
2 0.498828 0.022917 0.169531 0.045833
1 0.660156 0.659722 0.371875 0.269444
1 0.661719 0.600000 0.378125 0.250000
