2 0.857812 0.499306 0.282813 0.998611
1 0.358594 0.743750 0.464062 0.148611
1 0.355859 0.638889 0.492969 0.147222
1 0.361328 0.824306 0.463281 0.204167
1 0.362891 0.900000 0.464844 0.197222
1 0.361328 0.943750 0.463281 0.109722
1 0.496875 0.988889 0.060937 0.019444
2 0.875391 0.929861 0.005469 0.137500
1 0.761719 0.699306 0.059375 0.037500
4 0.763281 0.661111 0.059375 0.047222
4 0.737109 0.619444 0.007031 0.036111
4 0.805859 0.584028 0.144531 0.037500
1 0.200391 0.561111 0.125781 0.033333
1 0.189062 0.576389 0.103125 0.005556
2 0.263672 0.553472 0.144531 0.045833
2 0.350781 0.554861 0.178125 0.037500
2 0.350391 0.427083 0.178906 0.251389
5 0.699219 0.620833 0.067187 0.141667
