3 0.013281 0.638889 0.026562 0.147222
1 0.120703 0.759028 0.241406 0.170833
1 0.125391 0.826389 0.250781 0.175000
1 0.121484 0.888889 0.242969 0.175000
1 0.448047 0.932639 0.313281 0.131944
2 0.760547 0.900694 0.477344 0.195833
2 0.715234 0.495833 0.125781 0.172222
2 0.635156 0.520833 0.153125 0.216667
2 0.548438 0.551389 0.171875 0.250000
2 0.549609 0.391667 0.107031 0.141667
2 0.460938 0.404167 0.126562 0.158333
0 0.698438 0.251389 0.035937 0.022222
2 0.781641 0.336111 0.114844 0.019444
2 0.858203 0.459722 0.158594 0.236111
2 0.919141 0.520833 0.141406 0.213889
2 0.948047 0.496528 0.102344 0.193056
2 0.789453 0.589583 0.189844 0.293056
2 0.373437 0.483333 0.135937 0.180556
2 0.286328 0.503472 0.139844 0.201389
2 0.905469 0.549306 0.018750 0.020833
2 0.810156 0.570833 0.114062 0.061111
2 0.816797 0.289583 0.133594 0.106944
2 0.744922 0.450000 0.155469 0.222222
2 0.657813 0.472917 0.187500 0.256944
