1 0.784766 0.547917 0.147656 0.084722
2 0.038672 0.772222 0.077344 0.361111
2 0.148438 0.875000 0.296875 0.247222
1 0.135547 0.591667 0.139844 0.088889
1 0.155078 0.526389 0.177344 0.069444
1 0.136328 0.556944 0.136719 0.083333
2 0.307031 0.651389 0.215625 0.294444
2 0.485938 0.718056 0.234375 0.327778
2 0.301953 0.406250 0.219531 0.301389
2 0.485156 0.447222 0.240625 0.338889
2 0.057031 0.883333 0.114062 0.230556
1 0.174609 0.609722 0.060156 0.025000
1 0.236328 0.510417 0.002344 0.001389
5 0.669922 0.440972 0.011719 0.126389
1 0.571094 0.630556 0.203125 0.097222
1 0.570312 0.596528 0.195312 0.081944
