2 0.031641 0.374306 0.063281 0.226389
3 0.147656 0.395139 0.179688 0.534722
1 0.026562 0.674306 0.053125 0.095833
1 0.024219 0.727778 0.048438 0.091667
1 0.028516 0.763194 0.057031 0.098611
2 0.869922 0.593750 0.105469 0.293056
2 0.715234 0.611806 0.232031 0.331944
2 0.925000 0.352083 0.148438 0.209722
2 0.975391 0.622917 0.047656 0.370833
2 0.832812 0.791667 0.332813 0.413889
2 0.786719 0.425694 0.164062 0.198611
2 0.631250 0.436806 0.153125 0.218056
2 0.938281 0.562500 0.121875 0.366667
2 0.767188 0.573611 0.279687 0.383333
