2 0.336328 0.363194 0.039844 0.020833
1 0.427344 0.458333 0.029687 0.022222
2 0.604297 0.362500 0.114844 0.141667
3 0.691016 0.368056 0.155469 0.325000
1 0.466406 0.475694 0.114062 0.054167
1 0.464844 0.497222 0.117188 0.041667
1 0.464844 0.512500 0.117188 0.022222
2 0.041797 0.519444 0.083594 0.230556
2 0.838281 0.463194 0.053125 0.076389
2 0.928516 0.531944 0.141406 0.300000
2 0.778125 0.621528 0.223438 0.320833
2 0.991406 0.399306 0.015625 0.020833
1 0.860938 0.995139 0.009375 0.006944
2 0.707422 0.807639 0.358594 0.381944
2 0.465234 0.799306 0.294531 0.398611
2 0.460938 0.447222 0.310937 0.408333
2 0.817187 0.577083 0.146875 0.270833
1 0.256250 0.897917 0.340625 0.201389
1 0.256641 0.845139 0.324219 0.176389
