2 0.792188 0.734722 0.125000 0.147222
2 0.909375 0.739583 0.134375 0.145833
2 0.791406 0.600000 0.125000 0.150000
2 0.908203 0.602083 0.133594 0.159722
1 0.800000 0.825000 0.153125 0.063889
1 0.800391 0.856250 0.144531 0.045833
1 0.585156 0.827778 0.148438 0.052778
2 0.536328 0.736806 0.119531 0.154167
2 0.173047 0.922222 0.346094 0.152778
2 0.415234 0.893750 0.311719 0.209722
2 0.587891 0.875694 0.252344 0.245833
2 0.867578 0.933333 0.263281 0.130556
2 0.946875 0.895833 0.104688 0.205556
2 0.139844 0.815278 0.279687 0.358333
2 0.016406 0.902778 0.032813 0.191667
2 0.319922 0.859028 0.227344 0.262500
2 0.071094 0.825000 0.142187 0.247222
2 0.071484 0.617361 0.142969 0.229167
2 0.083984 0.907639 0.167969 0.181944
2 0.257812 0.884028 0.296875 0.229167
2 0.439063 0.790972 0.232813 0.104167
0 0.073438 0.530556 0.029687 0.022222
0 0.075000 0.592361 0.028125 0.031944
0 0.041797 0.593750 0.039844 0.031944
0 0.057031 0.732639 0.009375 0.037500
1 0.033203 0.793056 0.044531 0.025000
3 0.267188 0.650694 0.148438 0.262500
1 0.035156 0.767361 0.048438 0.040278
