1 0.976953 0.851389 0.044531 0.066667
4 0.980859 0.811111 0.036719 0.066667
4 0.981250 0.770139 0.035937 0.062500
4 0.982031 0.728472 0.034375 0.065278
2 0.083203 0.730556 0.139844 0.294444
2 0.091797 0.709028 0.113281 0.201389
2 0.096875 0.660417 0.103125 0.184722
2 0.087891 0.514583 0.096094 0.195833
2 0.071094 0.870139 0.142187 0.256944
1 0.400391 0.691667 0.078906 0.072222
2 0.448437 0.761111 0.115625 0.255556
2 0.510156 0.848611 0.157812 0.300000
2 0.455859 0.567361 0.132031 0.237500
2 0.505859 0.627083 0.167969 0.287500
2 0.022656 0.670833 0.045312 0.200000
2 0.016406 0.734722 0.032813 0.227778
2 0.020313 0.513194 0.040625 0.190278
2 0.007812 0.822917 0.015625 0.279167
1 0.573438 0.709028 0.006250 0.006944
1 0.790625 0.780556 0.114062 0.066667
5 0.941797 0.696528 0.105469 0.218056
1 0.658594 0.831944 0.140625 0.086111
1 0.655469 0.793056 0.145313 0.094444
