1 0.333203 0.864583 0.666406 0.268056
1 0.417969 0.943750 0.496875 0.109722
2 0.643750 0.603472 0.084375 0.190278
2 0.619922 0.618056 0.133594 0.275000
2 0.581250 0.608333 0.192188 0.313889
2 0.381250 0.535417 0.120313 0.176389
2 0.303125 0.522917 0.156250 0.209722
0 0.560547 0.372222 0.041406 0.025000
2 0.687109 0.528472 0.097656 0.193056
2 0.935156 0.493056 0.128125 0.294444
2 0.932813 0.615278 0.131250 0.236111
2 0.916406 0.615278 0.104688 0.205556
2 0.916797 0.415278 0.108594 0.208333
2 0.938281 0.620833 0.121875 0.363889
2 0.207031 0.615972 0.181250 0.243056
2 0.116797 0.618750 0.189844 0.293056
2 0.799609 0.398611 0.089844 0.147222
2 0.792969 0.372917 0.117188 0.198611
2 0.769531 0.622222 0.176563 0.358333
