1 0.064453 0.707639 0.128906 0.154167
2 0.787500 0.444444 0.423438 0.888889
1 0.566406 0.710417 0.057813 0.034722
4 0.569141 0.665972 0.050781 0.045833
4 0.569141 0.623611 0.050781 0.044444
4 0.565625 0.583333 0.043750 0.047222
2 0.030469 0.555556 0.060937 0.150000
2 0.082031 0.529167 0.164062 0.202778
2 0.084375 0.302083 0.168750 0.348611
1 0.360156 0.692361 0.153125 0.031944
5 0.507422 0.645833 0.074219 0.155556
0 0.939063 0.217361 0.045312 0.059722
0 0.912500 0.481250 0.075000 0.098611
1 0.277344 0.602778 0.092188 0.044444
1 0.254688 0.561111 0.135937 0.047222
