4 0.770703 0.992361 0.027344 0.012500
1 0.224609 0.081944 0.178906 0.163889
1 0.199609 0.037500 0.138281 0.075000
1 0.220703 0.060417 0.180469 0.120833
2 0.163281 0.188889 0.064062 0.316667
2 0.101172 0.032639 0.132031 0.065278
1 0.371484 0.258333 0.241406 0.211111
1 0.455469 0.163889 0.215625 0.122222
1 0.454688 0.084722 0.220312 0.119444
1 0.455078 0.124306 0.217969 0.120833
1 0.517188 0.854861 0.317188 0.287500
5 0.936719 0.797917 0.125000 0.401389
1 0.088672 0.674306 0.177344 0.312500
1 0.091016 0.607639 0.182031 0.329167
