1 0.789844 0.370833 0.142187 0.086111
2 0.036328 0.459028 0.072656 0.254167
2 0.093359 0.665972 0.186719 0.431944
1 0.218359 0.344444 0.147656 0.077778
1 0.213281 0.291667 0.137500 0.063889
1 0.216797 0.316667 0.141406 0.072222
2 0.310156 0.404167 0.168750 0.244444
2 0.424219 0.458333 0.187500 0.305556
2 0.304688 0.204167 0.173437 0.252778
2 0.004297 0.725000 0.008594 0.138889
1 0.332031 0.370139 0.139063 0.084722
1 0.271094 0.350694 0.137500 0.048611
1 0.285156 0.309028 0.023438 0.015278
1 0.301172 0.328472 0.077344 0.045833
1 0.646875 0.378472 0.076563 0.056944
5 0.677344 0.268056 0.062500 0.141667
1 0.527344 0.412500 0.171875 0.094444
1 0.526953 0.384722 0.164844 0.080556
