2 0.309375 0.231250 0.040625 0.006944
2 0.173828 0.169444 0.135156 0.133333
1 0.431250 0.345833 0.070312 0.038889
2 0.595313 0.240972 0.104688 0.151389
3 0.656250 0.254167 0.209375 0.341667
1 0.434375 0.415972 0.098437 0.065278
2 0.039453 0.398611 0.078906 0.211111
2 0.950391 0.501389 0.097656 0.241667
2 0.838672 0.406944 0.205469 0.127778
2 0.858203 0.469444 0.282031 0.286111
2 0.987109 0.725694 0.024219 0.318056
2 0.988672 0.404861 0.021094 0.370833
2 0.667188 0.456944 0.228125 0.136111
2 0.975781 0.381250 0.046875 0.184722
2 0.381641 0.832639 0.253906 0.331944
2 0.205859 0.768056 0.188281 0.450000
2 0.435156 0.530556 0.385937 0.594444
2 0.244141 0.419444 0.292969 0.447222
2 0.938281 0.543750 0.121875 0.268056
2 0.756641 0.436806 0.216406 0.145833
1 0.075781 0.889583 0.151562 0.134722
1 0.079297 0.822222 0.158594 0.144444
