2 0.946484 0.934722 0.105469 0.127778
2 0.850391 0.925694 0.271094 0.145833
1 0.549219 0.756944 0.117188 0.055556
1 0.054297 0.740972 0.108594 0.054167
1 0.052344 0.693750 0.104688 0.040278
1 0.052344 0.715278 0.104688 0.052778
2 0.121875 0.768056 0.143750 0.216667
2 0.223828 0.806944 0.161719 0.225000
2 0.219922 0.620139 0.166406 0.215278
1 0.112500 0.776389 0.065625 0.052778
1 0.083984 0.760417 0.122656 0.048611
1 0.120313 0.711806 0.065625 0.026389
1 0.083984 0.737500 0.122656 0.044444
1 0.398828 0.744444 0.025781 0.030556
5 0.455469 0.686806 0.054688 0.120833
0 0.773438 0.676389 0.026562 0.033333
0 0.767969 0.499306 0.026562 0.037500
1 0.346484 0.770139 0.085156 0.056944
3 0.922266 0.695833 0.153906 0.391667
1 0.344922 0.745139 0.082031 0.045833
