1 0.137500 0.909028 0.006250 0.001389
2 0.279687 0.639583 0.559375 0.718056
2 0.728516 0.680556 0.541406 0.636111
2 0.367969 0.590972 0.404687 0.490278
2 0.072266 0.774306 0.144531 0.448611
2 0.058984 0.547222 0.117969 0.127778
2 0.083594 0.809722 0.167187 0.294444
2 0.325000 0.904861 0.104688 0.104167
2 0.338281 0.529167 0.223438 0.197222
2 0.141406 0.741667 0.282813 0.513889
2 0.142578 0.281250 0.285156 0.562500
2 0.520703 0.554861 0.497656 0.712500
2 0.821094 0.419444 0.356250 0.172222
5 0.031250 0.765278 0.037500 0.011111
1 0.165234 0.769444 0.000781 0.008333
