3 0.026953 0.609028 0.053906 0.409722
2 0.812891 0.904167 0.252344 0.188889
2 0.241797 0.881944 0.183594 0.216667
2 0.941797 0.677083 0.114844 0.245833
2 0.742969 0.668750 0.162500 0.245833
2 0.986328 0.840278 0.025781 0.277778
2 0.453516 0.920139 0.349219 0.156944
2 0.853906 0.825694 0.290625 0.345833
2 0.164453 0.984722 0.285156 0.027778
2 0.573047 0.741667 0.153906 0.244444
2 0.409375 0.726389 0.160938 0.227778
2 0.835156 0.952778 0.278125 0.091667
2 0.492578 0.870833 0.286719 0.255556
2 0.201953 0.863194 0.307031 0.270833
