1 0.329688 0.866667 0.659375 0.263889
1 0.107422 0.979861 0.091406 0.037500
1 0.502734 0.691667 0.286719 0.188889
2 0.898438 0.336111 0.201563 0.083333
1 0.331250 0.453472 0.135937 0.037500
2 0.044141 0.434028 0.088281 0.273611
2 0.041797 0.163194 0.083594 0.268056
1 0.100391 0.450000 0.157031 0.027778
5 0.207813 0.393056 0.062500 0.136111
0 0.601953 0.320833 0.028906 0.030556
0 0.594531 0.121528 0.034375 0.040278
1 0.094141 0.413194 0.171094 0.045833
3 0.905859 0.219444 0.186719 0.319444
1 0.091406 0.377083 0.167187 0.040278
