1 0.772656 0.607639 0.173437 0.112500
4 0.773438 0.560417 0.173437 0.115278
4 0.776172 0.513194 0.174219 0.106944
4 0.776953 0.431250 0.180469 0.176389
2 0.047656 0.688194 0.095312 0.406944
2 0.125000 0.794444 0.250000 0.408333
1 0.079297 0.438889 0.158594 0.122222
1 0.078125 0.386806 0.156250 0.156944
1 0.080859 0.482639 0.161719 0.140278
1 0.082031 0.518750 0.164062 0.140278
1 0.083594 0.556250 0.167187 0.137500
1 0.084766 0.595833 0.169531 0.147222
1 0.571484 0.654861 0.217969 0.148611
5 0.593359 0.295139 0.121094 0.162500
1 0.302344 0.792361 0.259375 0.165278
1 0.298438 0.729861 0.260937 0.195833
