2 0.693750 0.025000 0.117188 0.050000
2 0.819531 0.034028 0.120313 0.068056
1 0.962891 0.063194 0.072656 0.068056
3 0.988281 0.270139 0.021875 0.056944
1 0.795312 0.115972 0.123438 0.112500
1 0.793359 0.147222 0.122656 0.111111
1 0.791016 0.184722 0.121094 0.097222
1 0.549609 0.090278 0.153906 0.091667
1 0.549219 0.126389 0.153125 0.077778
1 0.548828 0.158333 0.144531 0.069444
2 0.432422 0.052083 0.113281 0.104167
2 0.842578 0.954167 0.275781 0.088889
2 0.851562 0.765278 0.254688 0.466667
2 0.855469 0.583333 0.207813 0.522222
2 0.364063 0.595139 0.298438 0.584722
2 0.355469 0.909722 0.075000 0.177778
2 0.194922 0.673611 0.389844 0.650000
2 0.077344 0.904167 0.154688 0.188889
2 0.478906 0.380556 0.201563 0.236111
2 0.067969 0.395139 0.135937 0.418056
2 0.654687 0.950000 0.015625 0.097222
2 0.460156 0.702083 0.457813 0.593056
2 0.594531 0.669444 0.278125 0.658333
2 0.657422 0.390972 0.210156 0.448611
3 0.055078 0.036806 0.110156 0.073611
