2 0.230078 0.988194 0.125781 0.020833
2 0.587500 0.952778 0.401562 0.091667
2 0.888672 0.931250 0.221094 0.134722
2 0.467969 0.756250 0.293750 0.462500
2 0.132031 0.870139 0.264062 0.256944
2 0.130078 0.593750 0.260156 0.459722
2 0.794922 0.814583 0.192969 0.359722
1 0.124609 0.634722 0.136719 0.033333
1 0.123047 0.593750 0.138281 0.051389
1 0.124219 0.615278 0.137500 0.072222
2 0.358984 0.632639 0.183594 0.287500
2 0.554688 0.558333 0.187500 0.144444
2 0.555078 0.398611 0.191406 0.258333
2 0.140234 0.902778 0.280469 0.191667
2 0.526172 0.800000 0.358594 0.397222
2 0.837500 0.785417 0.323437 0.426389
1 0.043359 0.640972 0.025781 0.026389
1 0.051562 0.647222 0.009375 0.011111
1 0.384766 0.543750 0.100781 0.048611
5 0.353125 0.456250 0.045312 0.129167
0 0.714844 0.374306 0.023438 0.026389
0 0.712109 0.218056 0.024219 0.033333
1 0.516797 0.544444 0.163281 0.038889
3 0.904297 0.354167 0.189844 0.313889
1 0.515625 0.527778 0.156250 0.061111
