2 0.056641 0.653472 0.113281 0.168056
0 0.089844 0.402778 0.025000 0.025000
2 0.127344 0.597917 0.232813 0.301389
2 0.253516 0.691667 0.180469 0.250000
2 0.333594 0.670833 0.148438 0.213889
2 0.254297 0.456944 0.178906 0.244444
2 0.333594 0.469444 0.148438 0.211111
2 0.056250 0.739583 0.112500 0.326389
1 0.644922 0.695833 0.147656 0.066667
1 0.650781 0.615972 0.142187 0.048611
1 0.649219 0.656250 0.139063 0.056944
2 0.608594 0.748611 0.192188 0.350000
2 0.538281 0.789583 0.257812 0.418056
2 0.280859 0.572917 0.080469 0.018056
2 0.137500 0.758333 0.053125 0.094444
2 0.242578 0.468750 0.141406 0.190278
2 0.142969 0.411111 0.185938 0.138889
2 0.043359 0.525000 0.086719 0.144444
1 0.860156 0.779861 0.181250 0.070833
1 0.822656 0.727778 0.129688 0.011111
1 0.881641 0.775000 0.013281 0.002778
1 0.825391 0.812500 0.250781 0.136111
1 0.825000 0.753472 0.231250 0.095833
