2 0.273438 0.464583 0.121875 0.154167
2 0.364844 0.452083 0.112500 0.143056
2 0.272266 0.334028 0.122656 0.143056
2 0.363672 0.329167 0.113281 0.136111
1 0.481641 0.468750 0.092969 0.031944
1 0.482031 0.489583 0.092188 0.029167
2 0.655078 0.392361 0.108594 0.134722
3 0.714844 0.396528 0.187500 0.304167
1 0.491016 0.509028 0.077344 0.037500
1 0.526563 0.536111 0.082812 0.041667
1 0.348438 0.546528 0.085938 0.054167
1 0.380469 0.577083 0.071875 0.034722
2 0.139844 0.521528 0.135937 0.201389
2 0.909375 0.538194 0.179688 0.262500
2 0.742188 0.600694 0.162500 0.243056
2 0.603906 0.710417 0.259375 0.223611
2 0.444141 0.711111 0.244531 0.302778
2 0.440625 0.448611 0.254688 0.338889
2 0.951953 0.416667 0.094531 0.041667
2 0.837109 0.445139 0.197656 0.134722
1 0.257422 0.809722 0.252344 0.147222
1 0.256641 0.761806 0.250781 0.131944
