1 0.001563 0.822917 0.003125 0.087500
1 0.000391 0.887500 0.000781 0.041667
2 0.058984 0.751389 0.117969 0.494444
2 0.458984 0.755556 0.128906 0.147222
2 0.362891 0.756944 0.153906 0.166667
2 0.266797 0.775000 0.139844 0.216667
2 0.339062 0.698611 0.106250 0.130556
2 0.238672 0.696528 0.121094 0.148611
0 0.476562 0.567361 0.032813 0.020833
2 0.537109 0.695139 0.113281 0.148611
2 0.546875 0.683333 0.160938 0.211111
2 0.628906 0.768750 0.139063 0.187500
2 0.686719 0.765278 0.125000 0.169444
2 0.447266 0.780556 0.182031 0.244444
2 0.204297 0.754861 0.013281 0.137500
2 0.002734 0.728472 0.005469 0.101389
1 0.950391 0.770139 0.016406 0.034722
2 0.948047 0.782639 0.078906 0.256944
2 0.848047 0.792361 0.194531 0.304167
2 0.892969 0.535417 0.142187 0.240278
2 0.612109 0.763889 0.116406 0.150000
2 0.540625 0.765972 0.131250 0.176389
2 0.450000 0.761806 0.156250 0.170833
2 0.348047 0.777778 0.178906 0.230556
1 0.975391 0.790972 0.047656 0.054167
1 0.978516 0.743750 0.041406 0.045833
