1 0.562500 0.911111 0.232813 0.175000
1 0.574219 0.937500 0.207813 0.122222
2 0.904297 0.800000 0.189844 0.397222
1 0.510156 0.500000 0.123438 0.058333
2 0.011328 0.723611 0.022656 0.266667
1 0.028125 0.512500 0.056250 0.044444
1 0.029297 0.460417 0.058594 0.043056
1 0.030078 0.486111 0.060156 0.050000
2 0.086719 0.543750 0.171875 0.218056
2 0.209375 0.575000 0.179688 0.233333
2 0.083984 0.359722 0.167969 0.213889
2 0.203516 0.377778 0.183594 0.233333
1 0.095703 0.538889 0.133594 0.069444
1 0.044922 0.530556 0.089844 0.061111
1 0.072656 0.475694 0.032813 0.031944
1 0.044922 0.503472 0.089844 0.051389
1 0.402734 0.516667 0.066406 0.044444
5 0.406641 0.399306 0.055469 0.059722
0 0.743750 0.236806 0.025000 0.037500
0 0.719531 0.394444 0.042188 0.066667
1 0.294531 0.527778 0.150000 0.058333
3 0.914062 0.433333 0.170313 0.394444
1 0.294141 0.502778 0.149219 0.050000
