3 0.179297 0.996528 0.014844 0.004167
1 0.885938 0.674306 0.118750 0.051389
4 0.888672 0.647917 0.119531 0.054167
4 0.889453 0.619444 0.119531 0.052778
4 0.890234 0.586111 0.119531 0.066667
2 0.035156 0.787500 0.070312 0.250000
2 0.078516 0.858333 0.157031 0.280556
2 0.160547 0.890972 0.208594 0.215278
2 0.282422 0.702083 0.161719 0.259722
2 0.163281 0.661111 0.081250 0.111111
2 0.124219 0.667361 0.129688 0.184722
2 0.386719 0.847222 0.181250 0.302778
1 0.423047 0.641667 0.116406 0.050000
2 0.510938 0.681250 0.139063 0.195833
2 0.620703 0.727778 0.152344 0.216667
2 0.513281 0.522917 0.137500 0.195833
2 0.621875 0.554167 0.153125 0.216667
2 0.048047 0.687500 0.096094 0.191667
2 0.098437 0.747222 0.150000 0.183333
2 0.094531 0.582639 0.154688 0.234722
2 0.183594 0.797917 0.170313 0.237500
2 0.286328 0.866667 0.194531 0.263889
1 0.489063 0.665278 0.057813 0.063889
1 0.444922 0.649306 0.102344 0.037500
1 0.787109 0.677778 0.061719 0.041667
5 0.783594 0.509028 0.067187 0.026389
1 0.689063 0.686806 0.134375 0.062500
1 0.689844 0.667361 0.142187 0.056944
