2 0.477344 0.451389 0.135937 0.180556
2 0.607031 0.458333 0.135937 0.188889
2 0.477344 0.293056 0.137500 0.172222
1 0.784375 0.518056 0.139063 0.058333
1 0.783203 0.547917 0.132031 0.054167
2 0.966406 0.431250 0.065625 0.229167
3 0.855078 0.457639 0.288281 0.581944
1 0.518750 0.611111 0.156250 0.091667
1 0.250781 0.556944 0.189062 0.072222
1 0.251172 0.593056 0.178906 0.069444
2 0.174609 0.459028 0.155469 0.176389
2 0.176563 0.856944 0.353125 0.283333
2 0.328125 0.788194 0.371875 0.420833
2 0.035937 0.677778 0.071875 0.250000
2 0.022266 0.770833 0.044531 0.122222
2 0.134766 0.679861 0.269531 0.240278
