2 0.560547 0.669444 0.227344 0.286111
2 0.355078 0.744444 0.264844 0.383333
2 0.130469 0.791667 0.260937 0.413889
2 0.467578 0.487500 0.155469 0.188889
2 0.295312 0.511111 0.176563 0.222222
0 0.657422 0.299306 0.049219 0.031944
2 0.711328 0.545833 0.183594 0.252778
2 0.609375 0.711806 0.348438 0.490278
2 0.823438 0.791667 0.285938 0.408333
2 0.918359 0.723611 0.161719 0.358333
2 0.825391 0.461111 0.283594 0.369444
2 0.319531 0.832639 0.421875 0.331944
2 0.137891 0.618750 0.194531 0.251389
2 0.027344 0.627778 0.054688 0.233333
2 0.834766 0.696528 0.219531 0.198611
2 0.678125 0.743750 0.248438 0.345833
2 0.842969 0.301389 0.215625 0.008333
2 0.469531 0.788889 0.296875 0.419444
2 0.195703 0.809722 0.361719 0.377778
