2 0.481641 0.901389 0.963281 0.194444
1 0.489063 0.688194 0.445312 0.231944
1 0.487109 0.788889 0.416406 0.208333
1 0.578906 0.561111 0.217188 0.102778
2 0.897656 0.438889 0.203125 0.311111
1 0.419922 0.401389 0.116406 0.033333
2 0.044141 0.377778 0.088281 0.208333
2 0.139453 0.384722 0.189844 0.219444
2 0.044141 0.178472 0.088281 0.212500
1 0.024219 0.397917 0.048438 0.037500
1 0.024219 0.419444 0.048438 0.025000
1 0.247656 0.402083 0.028125 0.012500
5 0.315625 0.331250 0.060937 0.154167
0 0.651172 0.113194 0.030469 0.034722
0 0.651172 0.204167 0.028906 0.025000
0 0.612109 0.204861 0.038281 0.023611
0 0.610547 0.359722 0.033594 0.025000
1 0.264844 0.368056 0.064062 0.036111
3 0.871875 0.259028 0.254688 0.384722
1 0.267188 0.338194 0.068750 0.034722
