2 0.315625 0.912500 0.442188 0.172222
2 0.801172 0.929861 0.396094 0.137500
2 0.057813 0.809722 0.115625 0.377778
2 0.782813 0.599306 0.290625 0.076389
2 0.444141 0.847222 0.278906 0.302778
2 0.227344 0.835417 0.206250 0.326389
2 0.442578 0.563889 0.282031 0.363889
2 0.983594 0.870833 0.017188 0.255556
1 0.540234 0.709722 0.157031 0.063889
1 0.533984 0.638889 0.169531 0.055556
1 0.598828 0.673611 0.039844 0.061111
2 0.738672 0.609722 0.164844 0.044444
2 0.921484 0.678472 0.155469 0.168056
2 0.112891 0.867361 0.225781 0.262500
2 0.393750 0.869444 0.340625 0.258333
2 0.112109 0.599306 0.224219 0.431944
2 0.800781 0.797222 0.360938 0.402778
2 0.994922 0.749306 0.008594 0.279167
1 0.601953 0.710417 0.039844 0.054167
1 0.587500 0.762500 0.045312 0.013889
1 0.452344 0.754861 0.068750 0.051389
1 0.428516 0.729861 0.072656 0.018056
5 0.748047 0.564583 0.005469 0.051389
1 0.985938 0.700000 0.015625 0.033333
1 0.910937 0.653472 0.165625 0.059722
