1 0.673047 0.886111 0.358594 0.225000
1 0.487500 0.111806 0.156250 0.056944
4 0.490234 0.072222 0.155469 0.063889
4 0.489844 0.031250 0.156250 0.062500
4 0.489844 0.011111 0.156250 0.022222
2 0.005078 0.202778 0.010156 0.127778
2 0.094531 0.215278 0.189062 0.361111
2 0.086328 0.045833 0.172656 0.091667
1 0.006250 0.148611 0.012500 0.038889
1 0.120313 0.095833 0.006250 0.005556
5 0.354687 0.050000 0.081250 0.100000
1 0.187500 0.142361 0.223438 0.095833
3 0.967187 0.220139 0.064062 0.054167
1 0.183594 0.106250 0.218750 0.076389
