2 0.232422 0.431250 0.136719 0.179167
2 0.344141 0.411806 0.122656 0.145833
2 0.340234 0.275694 0.128906 0.156944
1 0.447656 0.456250 0.053125 0.040278
2 0.672656 0.348611 0.120313 0.158333
3 0.740625 0.361111 0.226562 0.361111
1 0.501563 0.529861 0.103125 0.062500
1 0.305859 0.520139 0.167969 0.081944
1 0.311328 0.552083 0.158594 0.062500
1 0.335938 0.573611 0.098437 0.044444
2 0.958203 0.587500 0.082031 0.202778
2 0.912500 0.627083 0.173437 0.412500
2 0.771875 0.649306 0.270313 0.306944
2 0.441406 0.905556 0.325000 0.186111
2 0.288281 0.827083 0.323437 0.343056
2 0.514844 0.640972 0.492188 0.715278
2 0.288672 0.518750 0.350781 0.523611
2 0.972656 0.563889 0.053125 0.311111
2 0.873828 0.534028 0.250781 0.343056
1 0.117969 0.995139 0.060937 0.006944
1 0.078516 0.961806 0.139844 0.073611
