3 0.152734 0.499306 0.305469 0.998611
1 0.991016 0.764583 0.016406 0.031944
2 0.089453 0.843056 0.058594 0.311111
2 0.089453 0.863194 0.058594 0.270833
2 0.369922 0.689583 0.128906 0.259722
2 0.076563 0.647917 0.032813 0.034722
2 0.089453 0.568750 0.058594 0.129167
2 0.462500 0.838889 0.239063 0.319444
1 0.476953 0.709028 0.096094 0.051389
1 0.495703 0.654861 0.138281 0.040278
1 0.475781 0.683333 0.098437 0.041667
2 0.607422 0.738889 0.169531 0.230556
2 0.748047 0.770833 0.199219 0.261111
2 0.749609 0.553472 0.196094 0.237500
2 0.076563 0.652778 0.032813 0.033333
2 0.087891 0.790972 0.055469 0.281944
2 0.076563 0.574306 0.032813 0.140278
2 0.104688 0.706250 0.028125 0.273611
2 0.382422 0.767361 0.153906 0.379167
1 0.501563 0.754167 0.043750 0.041667
1 0.501563 0.734722 0.043750 0.030556
1 0.889453 0.761111 0.099219 0.036111
5 0.934766 0.690972 0.033594 0.131944
1 0.830078 0.743056 0.172656 0.058333
1 0.830859 0.712500 0.182031 0.055556
