1 0.792578 0.554167 0.049219 0.052778
4 0.796484 0.522222 0.044531 0.075000
4 0.797656 0.476389 0.045312 0.063889
4 0.799609 0.441667 0.046094 0.072222
2 0.760156 0.982639 0.028125 0.031944
1 0.396875 0.886111 0.282813 0.025000
2 0.730078 0.808333 0.313281 0.380556
2 0.937109 0.815972 0.124219 0.365278
2 0.741016 0.502778 0.327344 0.447222
2 0.944531 0.502083 0.109375 0.445833
2 0.351562 0.947917 0.703125 0.101389
1 0.432422 0.893750 0.132031 0.009722
1 0.208203 0.885417 0.097656 0.029167
1 0.556250 0.647917 0.039062 0.040278
5 0.672266 0.462500 0.083594 0.236111
1 0.842578 0.715972 0.053906 0.054167
