2 0.031641 0.555556 0.063281 0.191667
2 0.063672 0.706250 0.127344 0.281944
2 0.118750 0.700000 0.146875 0.238889
2 0.170703 0.636806 0.128906 0.206944
2 0.021875 0.865278 0.043750 0.261111
1 0.434766 0.707639 0.102344 0.093056
1 0.475000 0.650694 0.015625 0.081944
1 0.433203 0.679167 0.099219 0.086111
2 0.408984 0.802083 0.128906 0.290278
2 0.373047 0.870833 0.158594 0.255556
2 0.407031 0.595833 0.131250 0.266667
2 0.086719 0.626389 0.128125 0.200000
2 0.045703 0.656250 0.091406 0.156944
2 0.081641 0.473611 0.130469 0.186111
2 0.005078 0.661806 0.010156 0.193056
1 0.566016 0.739583 0.142969 0.076389
1 0.565625 0.782639 0.142187 0.051389
1 0.626563 0.821528 0.015625 0.029167
1 0.626172 0.683333 0.014844 0.038889
1 0.814844 0.864583 0.137500 0.131944
5 0.994922 0.864583 0.008594 0.190278
1 0.548828 0.962500 0.139844 0.072222
1 0.549219 0.927778 0.129688 0.086111
