2 0.009766 0.536806 0.019531 0.006944
0 0.041797 0.362500 0.035156 0.022222
2 0.088672 0.513194 0.128906 0.145833
2 0.057422 0.636806 0.114844 0.243056
2 0.145313 0.657639 0.148438 0.209722
2 0.217188 0.611111 0.120313 0.188889
2 0.139844 0.494444 0.154688 0.197222
2 0.003906 0.802083 0.007812 0.109722
1 0.407422 0.686111 0.138281 0.058333
2 0.332813 0.761111 0.168750 0.247222
2 0.229297 0.843750 0.203906 0.309722
2 0.332422 0.565972 0.167969 0.254167
2 0.166406 0.595139 0.110937 0.168056
2 0.091797 0.661806 0.085156 0.170833
2 0.157031 0.452778 0.128125 0.158333
2 0.066406 0.468056 0.132812 0.152778
2 0.017578 0.747917 0.035156 0.020833
1 0.542578 0.766667 0.132031 0.094444
1 0.539844 0.808333 0.131250 0.069444
1 0.621484 0.757639 0.032031 0.065278
1 0.768750 0.977778 0.015625 0.041667
5 0.996484 0.794444 0.005469 0.063889
0 0.957031 0.904167 0.084375 0.186111
1 0.379688 0.900694 0.198437 0.145833
1 0.380469 0.864583 0.187500 0.129167
