2 0.894141 0.926389 0.210156 0.144444
1 0.672266 0.492361 0.146094 0.068056
4 0.676562 0.457639 0.148438 0.073611
4 0.677734 0.420833 0.149219 0.069444
4 0.678516 0.377083 0.149219 0.084722
1 0.062891 0.448611 0.125781 0.055556
2 0.108203 0.496528 0.138281 0.259722
2 0.220703 0.564583 0.197656 0.298611
2 0.115625 0.284028 0.175000 0.256944
2 0.212500 0.324306 0.203125 0.295833
1 0.122266 0.483333 0.010156 0.036111
1 0.077734 0.472917 0.035156 0.026389
1 0.451172 0.438889 0.027344 0.038889
5 0.566406 0.359722 0.089063 0.197222
0 0.970703 0.418056 0.032031 0.047222
0 0.973828 0.172222 0.050781 0.055556
1 0.379297 0.516667 0.125781 0.077778
1 0.376563 0.485417 0.121875 0.062500
