2 0.690234 0.471528 0.125781 0.181944
2 0.821094 0.481944 0.129688 0.200000
2 0.694141 0.318056 0.128906 0.186111
1 0.967969 0.499306 0.062500 0.062500
1 0.967187 0.527083 0.064062 0.065278
1 0.966797 0.552778 0.064844 0.063889
1 0.966016 0.577778 0.066406 0.066667
3 0.998828 0.777083 0.000781 0.006944
1 0.791406 0.699306 0.139063 0.137500
1 0.532031 0.666667 0.156250 0.097222
2 0.417969 0.506944 0.128125 0.222222
0 0.247266 0.236111 0.038281 0.038889
0 0.173828 0.295139 0.038281 0.040278
2 0.875000 0.943056 0.196875 0.111111
2 0.351172 0.934722 0.202344 0.127778
2 0.021484 0.992361 0.042969 0.012500
2 0.459766 0.904167 0.177344 0.188889
2 0.025391 0.868750 0.050781 0.256944
2 0.013672 0.617361 0.027344 0.315278
2 0.593359 0.963889 0.252344 0.069444
2 0.633203 0.852083 0.253906 0.293056
3 0.061719 0.373611 0.123438 0.361111
