2 0.704688 0.634028 0.129688 0.248611
2 0.653906 0.694444 0.157812 0.300000
2 0.582031 0.772917 0.204687 0.370833
2 0.453125 0.487500 0.123438 0.177778
2 0.367969 0.520139 0.150000 0.209722
0 0.623828 0.311806 0.041406 0.043056
2 0.739453 0.505556 0.103906 0.188889
2 0.938672 0.625694 0.121094 0.318056
2 0.947656 0.650000 0.103125 0.247222
2 0.953906 0.556250 0.090625 0.087500
2 0.953906 0.427778 0.090625 0.202778
2 0.923438 0.809028 0.151562 0.379167
2 0.277734 0.638194 0.175781 0.251389
2 0.181250 0.694444 0.170313 0.300000
2 0.849219 0.588889 0.107813 0.188889
2 0.826172 0.652778 0.127344 0.250000
2 0.830078 0.443056 0.127344 0.225000
2 0.796484 0.712500 0.149219 0.316667
2 0.749219 0.800694 0.200000 0.395833
