3 0.210547 0.988889 0.103906 0.019444
1 0.848437 0.862500 0.301563 0.225000
1 0.944141 0.648611 0.110156 0.033333
4 0.947266 0.615972 0.103906 0.037500
4 0.946875 0.581250 0.104688 0.034722
4 0.946875 0.548611 0.104688 0.036111
2 0.029687 0.574306 0.059375 0.248611
2 0.086719 0.595833 0.173437 0.383333
2 0.241797 0.476389 0.197656 0.258333
2 0.146875 0.579167 0.146875 0.208333
2 0.126562 0.571528 0.032813 0.156944
2 0.355078 0.590278 0.222656 0.300000
1 0.398438 0.581250 0.092188 0.020833
2 0.522656 0.582639 0.159375 0.201389
2 0.647656 0.584722 0.185938 0.225000
2 0.520703 0.394444 0.163281 0.208333
2 0.648828 0.374306 0.182031 0.237500
2 0.051562 0.568056 0.103125 0.205556
2 0.054688 0.356944 0.109375 0.252778
2 0.109375 0.575000 0.190625 0.252778
2 0.214453 0.593056 0.252344 0.336111
1 0.483203 0.659722 0.033594 0.005556
1 0.411719 0.645139 0.045312 0.026389
1 0.801562 0.636806 0.139063 0.029167
5 0.861719 0.581944 0.029687 0.144444
1 0.732812 0.583333 0.162500 0.030556
1 0.732031 0.551389 0.160938 0.030556
