1 0.605859 0.618750 0.513281 0.151389
1 0.575781 0.739583 0.482812 0.201389
1 0.868750 0.634722 0.260937 0.091667
4 0.830469 0.537500 0.085938 0.030556
4 0.842578 0.505556 0.110156 0.033333
4 0.842578 0.473611 0.110156 0.036111
2 0.094531 0.390278 0.189062 0.258333
2 0.044141 0.490278 0.086719 0.200000
2 0.010156 0.493750 0.018750 0.156944
2 0.189453 0.497222 0.216406 0.300000
1 0.284766 0.502083 0.083594 0.026389
2 0.402734 0.502778 0.155469 0.200000
2 0.516406 0.498611 0.179688 0.219444
2 0.023438 0.502083 0.046875 0.259722
2 0.077734 0.495139 0.155469 0.334722
1 0.347656 0.581250 0.004687 0.004167
1 0.323828 0.572222 0.052344 0.025000
5 0.740625 0.485417 0.071875 0.129167
1 0.608984 0.502778 0.157031 0.030556
1 0.608203 0.472222 0.155469 0.033333
