1 0.476172 0.922222 0.339844 0.152778
1 0.451562 0.966667 0.271875 0.063889
1 0.353906 0.995833 0.021875 0.005556
1 0.727734 0.818750 0.241406 0.120833
1 0.727344 0.874306 0.243750 0.115278
1 0.727344 0.926389 0.243750 0.122222
1 0.743750 0.681250 0.015625 0.026389
4 0.801172 0.652778 0.119531 0.030556
4 0.801172 0.629167 0.119531 0.038889
4 0.801172 0.598611 0.119531 0.041667
2 0.022266 0.749306 0.044531 0.276389
2 0.133594 0.603472 0.153125 0.209722
2 0.063672 0.659028 0.127344 0.181944
2 0.032422 0.570139 0.049219 0.015278
2 0.064844 0.488889 0.129688 0.180556
2 0.035547 0.489583 0.071094 0.154167
2 0.214062 0.715278 0.173437 0.255556
1 0.337500 0.634028 0.078125 0.029167
2 0.395313 0.649306 0.137500 0.179167
2 0.491797 0.666667 0.149219 0.200000
2 0.398047 0.490972 0.133594 0.170833
2 0.014453 0.587500 0.028906 0.025000
2 0.050000 0.688194 0.100000 0.209722
2 0.095703 0.735417 0.183594 0.279167
1 0.409766 0.636806 0.114844 0.034722
1 0.409766 0.661111 0.114844 0.030556
1 0.409375 0.679861 0.121875 0.026389
1 0.325391 0.675694 0.046094 0.026389
1 0.568359 0.658333 0.100781 0.025000
5 0.701953 0.607639 0.071094 0.148611
0 0.993359 0.568056 0.011719 0.061111
1 0.574219 0.652083 0.132812 0.037500
1 0.573828 0.626389 0.132031 0.036111
