1 0.452344 0.473611 0.114062 0.027778
4 0.482031 0.442361 0.059375 0.034722
4 0.482031 0.409722 0.059375 0.030556
4 0.495703 0.381944 0.032031 0.013889
2 0.071484 0.663194 0.142969 0.670833
2 0.449219 0.662500 0.626563 0.672222
2 0.116797 0.355556 0.233594 0.461111
2 0.416797 0.555556 0.333594 0.458333
2 0.166406 0.326389 0.217188 0.002778
2 0.397266 0.427083 0.196094 0.204167
2 0.098047 0.345833 0.196094 0.569444
2 0.432031 0.366667 0.439063 0.602778
1 0.398828 0.470833 0.102344 0.002778
0 0.706250 0.167361 0.031250 0.034722
1 0.400000 0.434722 0.159375 0.033333
3 0.907422 0.319444 0.183594 0.347222
1 0.398828 0.404861 0.158594 0.034722
