2 0.020313 0.942361 0.040625 0.112500
2 0.020703 0.940278 0.041406 0.116667
2 0.006250 0.934722 0.012500 0.127778
0 0.258203 0.804861 0.044531 0.009722
2 0.460156 0.884722 0.198437 0.227778
2 0.580859 0.965972 0.049219 0.065278
2 0.588672 0.974306 0.058594 0.048611
2 0.570703 0.850694 0.133594 0.226389
2 0.366406 0.934722 0.264062 0.127778
1 0.948438 0.975000 0.075000 0.047222
2 0.957422 0.947917 0.060156 0.101389
2 0.975781 0.924306 0.046875 0.148611
2 0.956250 0.748611 0.085938 0.366667
2 0.965234 0.663889 0.067969 0.480556
2 0.402734 0.756250 0.160156 0.118056
2 0.292578 0.888889 0.172656 0.216667
2 0.176563 0.854861 0.296875 0.287500
