1 0.803125 0.818056 0.145313 0.033333
4 0.805859 0.780556 0.144531 0.041667
4 0.804688 0.740972 0.143750 0.037500
4 0.803906 0.704861 0.143750 0.040278
2 0.065625 0.561111 0.131250 0.397222
2 0.180078 0.729861 0.360156 0.484722
1 0.199219 0.735417 0.160938 0.034722
1 0.203125 0.661806 0.156250 0.040278
1 0.200391 0.698611 0.160156 0.038889
2 0.336719 0.737500 0.212500 0.263889
2 0.517188 0.736806 0.234375 0.293056
2 0.099219 0.469444 0.198437 0.588889
1 0.294141 0.824306 0.142969 0.040278
1 0.179688 0.825000 0.096875 0.033333
1 0.212109 0.761806 0.158594 0.029167
1 0.210938 0.792361 0.159375 0.031944
1 0.614844 0.810417 0.154688 0.023611
5 0.673047 0.822917 0.002344 0.006944
1 0.597266 0.738194 0.191406 0.037500
1 0.597656 0.698611 0.201563 0.044444
