2 0.457422 0.834028 0.152344 0.329167
2 0.407031 0.892361 0.192188 0.212500
2 0.373828 0.972917 0.175781 0.051389
2 0.130078 0.609722 0.158594 0.252778
2 0.063281 0.720139 0.126562 0.323611
0 0.345703 0.388889 0.049219 0.036111
2 0.492578 0.631944 0.121094 0.261111
2 0.787500 0.844444 0.190625 0.308333
2 0.745703 0.836111 0.121094 0.305556
2 0.742188 0.747222 0.121875 0.283333
2 0.793750 0.989583 0.181250 0.018056
2 0.006641 0.876389 0.013281 0.244444
2 0.614844 0.650694 0.109375 0.120833
2 0.613281 0.693750 0.114062 0.034722
2 0.589453 0.838889 0.171094 0.319444
2 0.587500 0.910417 0.181250 0.176389
