1 0.967578 0.660417 0.063281 0.070833
4 0.971484 0.601389 0.055469 0.077778
4 0.972266 0.538194 0.053906 0.073611
4 0.973437 0.472917 0.051562 0.087500
1 0.072656 0.572222 0.140625 0.077778
2 0.145703 0.661806 0.291406 0.515278
2 0.314063 0.738194 0.423438 0.520833
2 0.311328 0.292361 0.428906 0.584722
1 0.244141 0.645833 0.246094 0.122222
1 0.189062 0.607639 0.167187 0.062500
1 0.807031 0.664583 0.126562 0.093056
5 0.891797 0.475000 0.057031 0.297222
1 0.570703 0.693750 0.364844 0.193056
1 0.570312 0.636111 0.348438 0.141667
