2 0.959375 0.890972 0.079687 0.215278
1 0.376563 0.554861 0.129688 0.059722
4 0.378906 0.522917 0.128125 0.065278
4 0.378516 0.490278 0.128906 0.063889
4 0.378125 0.454167 0.129688 0.072222
2 0.010937 0.702083 0.021875 0.226389
2 0.101953 0.759028 0.203906 0.331944
1 0.074609 0.587500 0.002344 0.019444
5 0.244531 0.454861 0.081250 0.187500
0 0.643750 0.256250 0.023438 0.043056
0 0.648047 0.444444 0.017969 0.036111
1 0.170313 0.669444 0.195312 0.097222
3 0.877344 0.470139 0.243750 0.426389
1 0.168750 0.636806 0.189062 0.087500
