1 0.931641 0.690278 0.135156 0.075000
4 0.935937 0.648611 0.126562 0.075000
4 0.936719 0.604167 0.125000 0.069444
4 0.937109 0.554167 0.124219 0.086111
2 0.009766 0.674306 0.019531 0.237500
2 0.112500 0.872222 0.225000 0.252778
1 0.232422 0.652083 0.192969 0.087500
1 0.231250 0.577778 0.204687 0.075000
1 0.231641 0.612500 0.203906 0.088889
2 0.369922 0.718056 0.238281 0.341667
2 0.559375 0.797222 0.276562 0.402778
2 0.370312 0.445833 0.239063 0.313889
2 0.560156 0.483333 0.282813 0.372222
1 0.377344 0.694444 0.179688 0.102778
1 0.286719 0.671528 0.168750 0.079167
1 0.352344 0.599306 0.037500 0.040278
1 0.321875 0.636806 0.098437 0.070833
1 0.556641 0.638889 0.017969 0.033333
5 0.811328 0.570833 0.039844 0.172222
1 0.675391 0.720139 0.233594 0.101389
1 0.675781 0.678472 0.231250 0.095833
