2 0.060156 0.413889 0.120313 0.072222
0 0.107031 0.082639 0.004687 0.023611
2 0.206641 0.253472 0.082031 0.193056
2 0.085547 0.267361 0.171094 0.306944
2 0.225000 0.369444 0.189062 0.252778
2 0.324219 0.350694 0.156250 0.218056
2 0.469922 0.440278 0.247656 0.380556
2 0.295312 0.505556 0.367188 0.511111
2 0.482812 0.125000 0.265625 0.250000
2 0.290625 0.127778 0.376563 0.255556
2 0.254688 0.331944 0.159375 0.177778
2 0.124609 0.362500 0.194531 0.238889
2 0.254297 0.143056 0.166406 0.200000
2 0.116797 0.125694 0.205469 0.234722
2 0.035547 0.441667 0.071094 0.111111
1 0.803125 0.529861 0.220312 0.104167
1 0.836719 0.504861 0.196875 0.065278
1 0.564453 0.522917 0.347656 0.154167
1 0.564453 0.443056 0.347656 0.130556
