2 0.973437 0.818750 0.001563 0.051389
2 0.810547 0.575694 0.377344 0.845833
2 0.814844 0.122917 0.368750 0.245833
1 0.018750 0.712500 0.037500 0.238889
1 0.464844 0.373611 0.306250 0.086111
1 0.465234 0.439583 0.286719 0.087500
1 0.466016 0.490972 0.288281 0.106944
1 0.466016 0.550694 0.286719 0.118056
2 0.882031 0.421528 0.218750 0.359722
1 0.619141 0.390972 0.041406 0.034722
2 0.014844 0.375694 0.029687 0.256944
1 0.106641 0.277778 0.135156 0.022222
2 0.185938 0.263194 0.146875 0.023611
2 0.281641 0.342361 0.163281 0.184722
2 0.280469 0.152083 0.164062 0.212500
1 0.364453 0.374306 0.000781 0.012500
5 0.534766 0.305556 0.057031 0.058333
0 0.841406 0.261806 0.048438 0.048611
1 0.379688 0.340972 0.143750 0.026389
3 0.955469 0.440972 0.021875 0.006944
1 0.379688 0.315278 0.142187 0.030556
