3 0.126562 0.728472 0.253125 0.540278
1 0.796875 0.968056 0.157812 0.061111
1 0.959766 0.810417 0.078906 0.176389
1 0.967578 0.303472 0.063281 0.056944
2 0.069922 0.382639 0.139844 0.265278
2 0.129297 0.433333 0.172656 0.266667
2 0.214453 0.521528 0.207031 0.326389
2 0.033203 0.207639 0.066406 0.145833
2 0.350000 0.224306 0.162500 0.112500
2 0.233594 0.286806 0.076563 0.156944
2 0.202734 0.272917 0.124219 0.190278
2 0.454297 0.444444 0.177344 0.305556
1 0.507031 0.254861 0.126562 0.056944
1 0.506641 0.209028 0.121094 0.048611
1 0.506641 0.231944 0.121094 0.052778
2 0.595313 0.296528 0.146875 0.204167
2 0.707031 0.337500 0.164062 0.238889
2 0.600391 0.131250 0.146094 0.201389
2 0.104688 0.287500 0.129688 0.166667
2 0.171484 0.313889 0.147656 0.175000
2 0.097656 0.135417 0.137500 0.204167
2 0.244531 0.292361 0.165625 0.209722
2 0.344531 0.390278 0.195312 0.322222
1 0.598437 0.290278 0.106250 0.058333
1 0.534375 0.275000 0.115625 0.050000
1 0.572656 0.227778 0.040625 0.027778
1 0.542188 0.249306 0.101562 0.040278
1 0.707031 0.257639 0.035937 0.031944
5 0.895703 0.222917 0.057031 0.129167
1 0.783984 0.309722 0.152344 0.072222
1 0.783984 0.286111 0.146094 0.061111
