1 0.626563 0.546528 0.021875 0.056944
2 0.278516 0.879861 0.316406 0.237500
2 0.055859 0.951389 0.111719 0.094444
2 0.613672 0.949306 0.283594 0.098611
1 0.136719 0.746528 0.201563 0.095833
1 0.133594 0.668056 0.212500 0.105556
1 0.135547 0.705556 0.211719 0.105556
2 0.337109 0.741667 0.191406 0.297222
2 0.555078 0.739583 0.183594 0.295833
2 0.333594 0.518750 0.196875 0.287500
2 0.016406 0.847222 0.032813 0.302778
2 0.254297 0.957639 0.352344 0.081944
2 0.654687 0.956250 0.343750 0.084722
1 0.237891 0.638889 0.013281 0.111111
1 0.240625 0.702778 0.007812 0.030556
1 0.233984 0.735417 0.022656 0.029167
1 0.189844 0.768056 0.112500 0.052778
1 0.056641 0.770833 0.113281 0.052778
1 0.024609 0.707639 0.008594 0.020833
1 0.025391 0.731944 0.011719 0.036111
1 0.442188 0.613194 0.020313 0.031944
5 0.437500 0.484028 0.043750 0.129167
0 0.834375 0.252083 0.034375 0.037500
0 0.806641 0.407639 0.057031 0.065278
1 0.546094 0.665278 0.150000 0.055556
3 0.968359 0.573611 0.061719 0.036111
1 0.547266 0.636806 0.150781 0.045833
