1 0.135547 0.945139 0.271094 0.106944
2 0.481641 0.738194 0.092969 0.170833
2 0.410938 0.702083 0.151562 0.062500
2 0.306250 0.821528 0.178125 0.259722
2 0.359766 0.638194 0.108594 0.143056
2 0.261719 0.656250 0.129688 0.162500
0 0.502734 0.501389 0.033594 0.019444
2 0.572266 0.654861 0.113281 0.156944
2 0.605469 0.726389 0.154688 0.238889
2 0.682813 0.776389 0.137500 0.211111
2 0.733594 0.747917 0.107813 0.187500
2 0.682422 0.600000 0.138281 0.191667
2 0.732422 0.588889 0.122656 0.172222
2 0.523047 0.856250 0.191406 0.284722
2 0.165234 0.740972 0.142969 0.187500
2 0.069141 0.768750 0.138281 0.212500
1 0.982422 0.822917 0.033594 0.040278
2 0.962891 0.890278 0.072656 0.202778
2 0.935547 0.892361 0.127344 0.212500
2 0.962109 0.622917 0.074219 0.229167
2 0.928906 0.657639 0.140625 0.293056
2 0.682031 0.742361 0.053125 0.129167
2 0.586719 0.769444 0.131250 0.188889
2 0.650391 0.572222 0.117969 0.138889
2 0.505859 0.791667 0.152344 0.225000
2 0.408594 0.841667 0.181250 0.277778
