2 0.413281 0.375694 0.123438 0.059722
2 0.341797 0.493750 0.157031 0.248611
2 0.249609 0.548611 0.196094 0.297222
2 0.225000 0.333333 0.125000 0.161111
2 0.126172 0.357639 0.152344 0.187500
0 0.382031 0.170139 0.037500 0.040278
2 0.474219 0.332639 0.110937 0.145833
2 0.579688 0.422917 0.153125 0.254167
2 0.619531 0.468750 0.120313 0.220833
2 0.650000 0.433333 0.104688 0.197222
2 0.621484 0.283333 0.122656 0.202778
2 0.522266 0.578472 0.185156 0.323611
2 0.058203 0.461111 0.116406 0.219444
2 0.003125 0.480556 0.006250 0.200000
1 0.959375 0.486111 0.079687 0.075000
1 0.933984 0.419444 0.017969 0.058333
1 0.961719 0.454167 0.075000 0.066667
2 0.963672 0.537500 0.071094 0.269444
2 0.960156 0.622917 0.078125 0.354167
2 0.961328 0.311806 0.075781 0.251389
2 0.971484 0.343750 0.055469 0.309722
2 0.563672 0.372222 0.107031 0.086111
2 0.517578 0.459028 0.124219 0.218056
2 0.455469 0.412500 0.154688 0.241667
2 0.376563 0.459028 0.195312 0.295833
