2 0.612891 0.645833 0.141406 0.216667
2 0.546875 0.673611 0.175000 0.263889
2 0.455078 0.722917 0.232031 0.348611
2 0.365234 0.545139 0.132031 0.173611
2 0.266406 0.551389 0.162500 0.205556
0 0.542188 0.366667 0.042188 0.041667
2 0.659766 0.546528 0.117969 0.190278
2 0.859766 0.575000 0.169531 0.305556
2 0.869141 0.652778 0.127344 0.225000
2 0.882031 0.631250 0.106250 0.190278
2 0.869141 0.425000 0.127344 0.238889
2 0.882031 0.436806 0.106250 0.206944
2 0.835156 0.750694 0.210938 0.395833
2 0.158594 0.657639 0.193750 0.240278
2 0.068359 0.686111 0.136719 0.286111
2 0.767578 0.627778 0.110156 0.186111
2 0.736719 0.660417 0.137500 0.243056
2 0.694531 0.691667 0.165625 0.297222
2 0.630469 0.736111 0.223438 0.372222
