1 0.444922 0.345139 0.110156 0.126389
4 0.407813 0.297917 0.190625 0.131944
4 0.406641 0.250694 0.192969 0.129167
4 0.405469 0.187500 0.195312 0.163889
2 0.863281 0.923611 0.218750 0.150000
2 0.961719 0.578472 0.075000 0.056944
2 0.878906 0.603472 0.240625 0.790278
2 0.963672 0.353472 0.071094 0.431944
1 0.415625 0.976389 0.075000 0.044444
1 0.270313 0.738194 0.262500 0.251389
5 0.214844 0.233333 0.151562 0.180556
0 0.626953 0.009028 0.025781 0.018056
1 0.804688 0.596528 0.253125 0.190278
3 0.806250 0.058333 0.193750 0.116667
1 0.812891 0.538194 0.250781 0.212500
