1 0.294531 0.563889 0.081250 0.088889
4 0.295703 0.518750 0.077344 0.095833
4 0.293750 0.473611 0.076563 0.091667
4 0.326953 0.415278 0.146094 0.119444
2 0.253516 0.895139 0.430469 0.206944
2 0.619141 0.883333 0.378906 0.230556
2 0.626172 0.624306 0.403906 0.623611
1 0.020703 0.804167 0.041406 0.063889
5 0.127734 0.484722 0.105469 0.305556
0 0.645703 0.082639 0.042969 0.051389
0 0.641406 0.197222 0.048438 0.044444
0 0.598828 0.205556 0.053906 0.044444
0 0.597266 0.404167 0.052344 0.050000
1 0.425781 0.835417 0.168750 0.156944
3 0.878906 0.252778 0.240625 0.444444
1 0.409766 0.777778 0.153906 0.175000
