2 0.008203 0.715278 0.016406 0.219444
2 0.043750 0.714583 0.087500 0.215278
2 0.053125 0.516667 0.106250 0.225000
1 0.218750 0.697917 0.001563 0.012500
1 0.278906 0.674306 0.120313 0.004167
2 0.214844 0.713194 0.232813 0.318056
2 0.123047 0.709722 0.246094 0.438889
2 0.118359 0.320139 0.236719 0.465278
2 0.005469 0.662500 0.010937 0.069444
1 0.469922 0.820139 0.194531 0.048611
1 0.504297 0.813194 0.150781 0.043056
1 0.521875 0.739583 0.115625 0.034722
1 0.494922 0.776389 0.169531 0.038889
1 0.841016 0.846528 0.227344 0.090278
1 0.343750 0.708333 0.251563 0.066667
1 0.342969 0.638889 0.268750 0.083333
