1 0.951172 0.718750 0.096094 0.140278
1 0.950000 0.763889 0.098437 0.138889
1 0.949219 0.804861 0.100000 0.148611
2 0.983594 0.560417 0.031250 0.190278
1 0.389844 0.499306 0.039062 0.029167
4 0.389062 0.469444 0.037500 0.033333
4 0.388672 0.438194 0.038281 0.031944
4 0.388281 0.402083 0.037500 0.048611
2 0.024609 0.956250 0.049219 0.084722
2 0.268750 0.938889 0.385937 0.119444
2 0.067187 0.720139 0.134375 0.401389
2 0.275781 0.789583 0.270313 0.301389
2 0.091406 0.608333 0.182812 0.266667
2 0.285156 0.581250 0.175000 0.190278
2 0.088672 0.395833 0.177344 0.263889
2 0.280469 0.388194 0.179688 0.256944
2 0.048047 0.879167 0.096094 0.238889
2 0.271094 0.838889 0.329688 0.211111
1 0.013672 0.542361 0.027344 0.018056
1 0.172656 0.540278 0.095312 0.036111
5 0.192969 0.347917 0.001563 0.004167
0 0.587500 0.205556 0.021875 0.033333
0 0.566406 0.351389 0.046875 0.058333
1 0.282422 0.546528 0.125781 0.062500
3 0.809766 0.348611 0.247656 0.325000
1 0.291406 0.522222 0.143750 0.047222
