3 0.499609 0.640972 0.999219 0.715278
2 0.311328 0.143750 0.172656 0.287500
2 0.399609 0.224306 0.214844 0.393056
2 0.515625 0.313194 0.278125 0.409722
2 0.244141 0.046528 0.144531 0.093056
2 0.670703 0.104167 0.213281 0.208333
2 0.546094 0.106250 0.168750 0.212500
2 0.464844 0.055556 0.142187 0.111111
2 0.814063 0.247917 0.271875 0.409722
1 0.829297 0.022917 0.166406 0.045833
2 0.927344 0.100000 0.143750 0.200000
2 0.998047 0.174306 0.002344 0.018056
2 0.358203 0.052778 0.139844 0.105556
2 0.439063 0.108333 0.170313 0.216667
2 0.421094 0.006250 0.026562 0.012500
2 0.541797 0.172222 0.213281 0.341667
2 0.678516 0.276389 0.280469 0.408333
1 0.926172 0.062500 0.146094 0.069444
1 0.849219 0.043750 0.143750 0.045833
