2 0.080469 0.857639 0.160938 0.281944
2 0.066406 0.792361 0.132812 0.320833
1 0.094531 0.700000 0.110937 0.113889
1 0.096094 0.734722 0.101562 0.100000
1 0.097266 0.766667 0.110156 0.102778
2 0.269141 0.509028 0.133594 0.195833
3 0.433984 0.505556 0.149219 0.411111
1 0.471484 0.788194 0.160156 0.101389
1 0.624609 0.881250 0.196094 0.179167
1 0.624219 0.914583 0.193750 0.168056
1 0.623828 0.936806 0.205469 0.123611
2 0.483594 0.949306 0.301563 0.098611
2 0.868359 0.614583 0.121094 0.201389
2 0.976562 0.408333 0.045312 0.133333
2 0.902344 0.423611 0.121875 0.147222
2 0.976172 0.688889 0.046094 0.213889
2 0.812500 0.489583 0.118750 0.156944
2 0.720703 0.502778 0.116406 0.163889
2 0.937891 0.574306 0.122656 0.231944
