1 0.939844 0.751389 0.118750 0.083333
4 0.940234 0.695139 0.117969 0.090278
4 0.940234 0.638889 0.117969 0.080556
4 0.940234 0.586111 0.117969 0.075000
2 0.013672 0.586806 0.027344 0.187500
2 0.034766 0.581944 0.069531 0.180556
2 0.013672 0.409722 0.027344 0.183333
2 0.034766 0.409722 0.069531 0.180556
1 0.300000 0.587500 0.095312 0.038889
2 0.277734 0.612500 0.135156 0.236111
2 0.258203 0.642361 0.153906 0.290278
2 0.282813 0.383333 0.125000 0.227778
1 0.698047 0.679167 0.136719 0.058333
5 0.895703 0.600000 0.127344 0.250000
1 0.444922 0.631250 0.130469 0.062500
1 0.445703 0.588889 0.141406 0.058333
