2 0.704297 0.520139 0.094531 0.093056
2 0.826172 0.573611 0.164844 0.211111
2 0.690625 0.385417 0.121875 0.204167
2 0.825000 0.375694 0.164062 0.220833
1 0.983203 0.563889 0.032031 0.033333
1 0.983594 0.600000 0.031250 0.033333
1 0.982031 0.632639 0.034375 0.037500
1 0.983594 0.669444 0.031250 0.036111
3 0.986719 0.732639 0.025000 0.023611
1 0.735938 0.540278 0.157812 0.044444
1 0.735938 0.589583 0.157812 0.045833
1 0.739453 0.632639 0.150781 0.051389
1 0.739844 0.677083 0.151562 0.056944
2 0.191797 0.499306 0.383594 0.998611
2 0.385547 0.572222 0.557031 0.852778
2 0.053516 0.565278 0.107031 0.463889
2 0.054297 0.576389 0.108594 0.713889
3 0.005469 0.354167 0.007812 0.011111
