2 0.666797 0.829861 0.664844 0.337500
2 0.404297 0.837500 0.808594 0.322222
2 0.667578 0.370833 0.663281 0.741667
1 0.468750 0.836806 0.056250 0.026389
2 0.926562 0.672917 0.145313 0.229167
1 0.826172 0.710417 0.067969 0.040278
4 0.827734 0.674306 0.064844 0.045833
4 0.827734 0.636806 0.064844 0.043056
4 0.871484 0.599306 0.153906 0.040278
2 0.023828 0.564583 0.047656 0.237500
2 0.011719 0.688889 0.023438 0.055556
2 0.049609 0.672222 0.099219 0.250000
1 0.282813 0.629167 0.123438 0.036111
1 0.281250 0.574306 0.114062 0.029167
1 0.280859 0.602083 0.113281 0.031944
2 0.317188 0.647222 0.104688 0.205556
2 0.352734 0.607639 0.035156 0.123611
2 0.318359 0.452083 0.089844 0.204167
1 0.350000 0.659722 0.039062 0.019444
1 0.311328 0.688889 0.022656 0.019444
1 0.329688 0.637500 0.078125 0.025000
1 0.306641 0.662500 0.032031 0.030556
5 0.762109 0.637500 0.067969 0.138889
