2 0.807422 0.429167 0.160156 0.269444
2 0.707422 0.493056 0.196094 0.305556
2 0.573438 0.572917 0.225000 0.365278
2 0.651563 0.224306 0.131250 0.184722
2 0.534375 0.260417 0.148438 0.206944
0 0.831250 0.070139 0.045312 0.031944
2 0.914062 0.281250 0.164062 0.201389
2 0.928125 0.500694 0.142187 0.376389
2 0.992578 0.401389 0.013281 0.025000
2 0.851172 0.720833 0.267969 0.466667
2 0.424609 0.368056 0.158594 0.236111
2 0.305859 0.413194 0.171094 0.262500
2 0.988281 0.334028 0.021875 0.048611
2 0.922656 0.468750 0.153125 0.220833
2 0.971094 0.214583 0.056250 0.195833
2 0.922656 0.256944 0.153125 0.269444
2 0.831250 0.548611 0.209375 0.347222
2 0.699609 0.642361 0.249219 0.412500
