2 0.976953 0.553472 0.044531 0.168056
1 0.938672 0.663889 0.121094 0.061111
2 0.764844 0.570139 0.106250 0.195833
0 0.524219 0.351389 0.035937 0.019444
0 0.430078 0.429167 0.014844 0.002778
1 0.335547 0.925000 0.197656 0.147222
1 0.217188 0.796528 0.434375 0.287500
1 0.220703 0.877778 0.427344 0.241667
2 0.459375 0.768750 0.206250 0.459722
2 0.520703 0.731944 0.250781 0.438889
2 0.388672 0.298611 0.386719 0.597222
2 0.508594 0.336111 0.246875 0.419444
1 0.357031 0.722917 0.001563 0.009722
1 0.407813 0.611111 0.023438 0.011111
