1 0.638672 0.908333 0.367969 0.180556
1 0.638672 0.950000 0.367969 0.097222
1 0.786719 0.986111 0.051562 0.025000
1 0.659375 0.739583 0.025000 0.031944
2 0.045312 0.775694 0.090625 0.298611
1 0.150391 0.686111 0.146094 0.038889
2 0.237109 0.705556 0.167969 0.216667
2 0.350391 0.723611 0.182031 0.241667
2 0.347266 0.502778 0.188281 0.233333
1 0.244141 0.739583 0.103906 0.037500
1 0.196094 0.740278 0.126562 0.036111
1 0.510547 0.732639 0.033594 0.006944
5 0.604688 0.657639 0.079687 0.168056
0 0.981641 0.410417 0.032031 0.043056
0 0.989453 0.622222 0.019531 0.033333
1 0.453125 0.699306 0.168750 0.034722
1 0.452734 0.672917 0.160156 0.040278
