3 0.005078 0.931250 0.010156 0.134722
2 0.678906 0.670833 0.128125 0.208333
2 0.594531 0.693056 0.145313 0.183333
2 0.497656 0.775000 0.168750 0.272222
2 0.535937 0.521528 0.107813 0.151389
2 0.443750 0.551389 0.121875 0.169444
0 0.676953 0.385417 0.035156 0.040278
2 0.748047 0.566667 0.113281 0.177778
2 0.794922 0.697222 0.161719 0.263889
2 0.862109 0.720139 0.135156 0.237500
2 0.912109 0.676389 0.122656 0.211111
2 0.711719 0.845139 0.184375 0.306944
2 0.357812 0.642361 0.134375 0.193056
2 0.265234 0.680556 0.132031 0.213889
2 0.831250 0.620833 0.117188 0.116667
2 0.767969 0.695139 0.131250 0.220833
2 0.833984 0.501389 0.119531 0.177778
2 0.686719 0.668056 0.159375 0.244444
2 0.596094 0.722917 0.181250 0.281944
