2 0.123438 0.822222 0.246875 0.352778
3 0.154688 0.499306 0.309375 0.998611
1 0.859766 0.843750 0.278906 0.309722
1 0.856641 0.901389 0.275781 0.194444
1 0.958594 0.645833 0.081250 0.152778
1 0.875781 0.352778 0.126562 0.038889
4 0.879297 0.323611 0.125781 0.044444
4 0.880078 0.291667 0.125781 0.041667
4 0.881641 0.259722 0.125781 0.047222
2 0.026953 0.316667 0.053906 0.061111
2 0.111719 0.488194 0.223438 0.340278
2 0.233984 0.190972 0.182031 0.043056
2 0.053516 0.336806 0.000781 0.001389
2 0.025391 0.302083 0.047656 0.081944
2 0.378906 0.429861 0.159375 0.276389
1 0.404297 0.296528 0.097656 0.026389
1 0.401953 0.255556 0.094531 0.033333
1 0.402344 0.278472 0.093750 0.040278
2 0.485156 0.325000 0.150000 0.200000
2 0.606250 0.347222 0.167187 0.222222
2 0.009766 0.313889 0.019531 0.061111
2 0.026562 0.304167 0.053125 0.086111
2 0.007422 0.192361 0.014844 0.079167
2 0.034766 0.202083 0.069531 0.162500
2 0.118359 0.259722 0.192969 0.166667
2 0.250391 0.328472 0.213281 0.284722
1 0.496094 0.328472 0.079687 0.048611
1 0.489844 0.350000 0.067187 0.033333
1 0.457422 0.294444 0.016406 0.025000
1 0.460938 0.306944 0.009375 0.002778
1 0.641797 0.327778 0.100781 0.027778
5 0.771094 0.284028 0.042188 0.120833
1 0.676953 0.326389 0.153906 0.050000
1 0.676953 0.300694 0.147656 0.043056
