3 0.137891 0.846528 0.275781 0.304167
1 0.969922 0.997222 0.011719 0.002778
1 0.943359 0.686806 0.111719 0.051389
4 0.946484 0.659722 0.105469 0.052778
4 0.946484 0.630556 0.105469 0.050000
4 0.946875 0.597917 0.104688 0.059722
2 0.070312 0.731944 0.140625 0.225000
2 0.138672 0.802083 0.163281 0.284722
2 0.214453 0.852083 0.194531 0.293056
2 0.038281 0.621528 0.076563 0.204167
2 0.347266 0.659028 0.155469 0.231944
2 0.261719 0.681250 0.131250 0.170833
2 0.201953 0.650694 0.119531 0.159722
2 0.259766 0.529861 0.133594 0.190278
2 0.199609 0.509722 0.121094 0.172222
2 0.438281 0.790278 0.175000 0.277778
1 0.485938 0.634722 0.112500 0.044444
2 0.570703 0.663889 0.132031 0.194444
2 0.671094 0.704861 0.153125 0.209722
2 0.674219 0.537500 0.150000 0.200000
2 0.112109 0.652083 0.116406 0.159722
2 0.173437 0.675000 0.135937 0.147222
2 0.247656 0.750000 0.156250 0.227778
2 0.337891 0.827778 0.178906 0.302778
1 0.571875 0.667361 0.098437 0.051389
1 0.511719 0.657639 0.103125 0.037500
1 0.814453 0.661111 0.008594 0.022222
5 0.853125 0.590972 0.062500 0.151389
1 0.744141 0.675000 0.135156 0.058333
1 0.744531 0.656944 0.134375 0.044444
