1 0.876563 0.678472 0.189062 0.045833
4 0.879297 0.634722 0.178906 0.050000
4 0.878906 0.588194 0.178125 0.045833
4 0.878906 0.545139 0.178125 0.048611
2 0.041797 0.600694 0.083594 0.565278
1 0.133594 0.586111 0.198437 0.038889
1 0.133594 0.500694 0.209375 0.048611
1 0.133594 0.543056 0.209375 0.044444
2 0.272266 0.590972 0.238281 0.309722
2 0.449609 0.593056 0.285156 0.363889
2 0.453516 0.261111 0.275781 0.391667
1 0.282031 0.645139 0.185938 0.043056
1 0.281641 0.669444 0.197656 0.022222
1 0.145313 0.680556 0.075000 0.036111
1 0.195312 0.610417 0.168750 0.034722
1 0.177344 0.643750 0.137500 0.037500
1 0.583984 0.659028 0.167969 0.040278
5 0.716797 0.602778 0.066406 0.161111
1 0.579297 0.590972 0.233594 0.045833
1 0.578906 0.543056 0.231250 0.047222
