1 0.723047 0.475000 0.032031 0.061111
2 0.162500 0.766667 0.325000 0.463889
2 0.566016 0.881250 0.511719 0.234722
1 0.192578 0.564583 0.016406 0.012500
1 0.102344 0.520833 0.204687 0.091667
1 0.103125 0.538194 0.206250 0.062500
2 0.311328 0.628472 0.261719 0.368056
2 0.585938 0.656944 0.248438 0.352778
2 0.305859 0.331250 0.271094 0.354167
2 0.588672 0.338889 0.257031 0.363889
2 0.112500 0.845833 0.225000 0.305556
2 0.549219 0.854861 0.792188 0.287500
1 0.234766 0.551389 0.067969 0.044444
1 0.269922 0.569444 0.010156 0.011111
1 0.446484 0.519444 0.100781 0.036111
5 0.506641 0.334722 0.047656 0.033333
0 0.985547 0.118056 0.027344 0.044444
0 0.956250 0.312500 0.073438 0.077778
1 0.593359 0.558333 0.194531 0.069444
1 0.593750 0.519444 0.195312 0.063889
