1 0.560937 0.686806 0.085938 0.048611
2 0.061328 0.815972 0.122656 0.365278
2 0.248438 0.899306 0.365625 0.198611
1 0.048828 0.765972 0.097656 0.065278
1 0.048047 0.686806 0.096094 0.056944
1 0.048438 0.720833 0.096875 0.072222
2 0.183203 0.772222 0.224219 0.300000
2 0.397266 0.783333 0.210156 0.308333
2 0.195312 0.852083 0.390625 0.293056
1 0.098047 0.786806 0.150781 0.081944
1 0.002344 0.779167 0.004687 0.002778
1 0.434766 0.727083 0.088281 0.004167
5 0.405469 0.556944 0.046875 0.011111
0 0.819531 0.375694 0.035937 0.037500
0 0.817578 0.461806 0.030469 0.048611
0 0.775000 0.462500 0.042188 0.047222
0 0.775391 0.630556 0.041406 0.047222
1 0.431641 0.722917 0.171094 0.070833
3 0.974609 0.725694 0.049219 0.029167
1 0.432031 0.688194 0.179688 0.068056
