3 0.129297 0.623611 0.258594 0.750000
2 0.303906 0.602778 0.101562 0.219444
2 0.336719 0.646528 0.153125 0.259722
2 0.398438 0.700694 0.175000 0.312500
0 0.083203 0.325000 0.021094 0.025000
2 0.280078 0.495833 0.055469 0.175000
2 0.559375 0.531250 0.150000 0.215278
2 0.476562 0.680556 0.006250 0.005556
2 0.402734 0.575694 0.041406 0.118056
2 0.646875 0.663194 0.184375 0.276389
1 0.734766 0.552083 0.128906 0.045833
1 0.734766 0.504861 0.122656 0.037500
1 0.734766 0.528472 0.122656 0.043056
2 0.821094 0.584722 0.154688 0.200000
2 0.923047 0.618750 0.152344 0.231944
2 0.825781 0.417361 0.151562 0.181944
2 0.921875 0.429861 0.154688 0.209722
2 0.337109 0.561806 0.097656 0.179167
2 0.388281 0.593056 0.120313 0.205556
2 0.346484 0.409028 0.108594 0.165278
2 0.395313 0.419444 0.125000 0.188889
2 0.456250 0.545139 0.145313 0.234722
2 0.527344 0.579861 0.184375 0.276389
1 0.830469 0.602778 0.126562 0.036111
1 0.767969 0.595139 0.120313 0.037500
1 0.773047 0.550000 0.111719 0.025000
1 0.771094 0.572222 0.114062 0.036111
1 0.978125 0.593750 0.042188 0.048611
1 0.973828 0.568056 0.050781 0.038889
