2 0.907813 0.947222 0.182812 0.102778
1 0.491016 0.957639 0.342969 0.081944
2 0.942187 0.825000 0.114062 0.269444
1 0.762891 0.682639 0.146094 0.051389
4 0.763672 0.650000 0.139844 0.050000
4 0.763672 0.613194 0.139844 0.051389
4 0.763672 0.577083 0.139844 0.054167
2 0.033594 0.744444 0.067187 0.280556
1 0.187109 0.612500 0.110156 0.047222
1 0.191797 0.559028 0.127344 0.040278
1 0.191406 0.585417 0.126562 0.045833
2 0.266797 0.641667 0.149219 0.216667
2 0.354297 0.670139 0.177344 0.251389
2 0.263672 0.454167 0.155469 0.202778
1 0.308203 0.663194 0.141406 0.048611
1 0.266406 0.654167 0.114062 0.047222
1 0.280469 0.606944 0.085938 0.030556
1 0.267578 0.631250 0.111719 0.031944
1 0.610156 0.674306 0.137500 0.048611
5 0.683594 0.599306 0.009375 0.129167
0 0.987109 0.550000 0.024219 0.077778
1 0.469531 0.645139 0.154688 0.059722
1 0.469531 0.618056 0.153125 0.050000
