1 0.942578 0.861111 0.113281 0.088889
4 0.943359 0.813194 0.111719 0.090278
4 0.944922 0.763889 0.108594 0.086111
4 0.939453 0.684722 0.119531 0.141667
1 0.209766 0.993750 0.041406 0.009722
1 0.117578 0.938194 0.235156 0.120833
1 0.118750 0.964583 0.237500 0.068056
2 0.305078 0.932639 0.342969 0.131944
2 0.619141 0.821528 0.424219 0.354167
1 0.310156 0.910417 0.159375 0.176389
1 0.317188 0.943750 0.159375 0.109722
1 0.245312 0.862500 0.031250 0.033333
1 0.238281 0.805556 0.042188 0.069444
1 0.240234 0.840972 0.039844 0.068056
5 0.767969 0.570833 0.067187 0.025000
