1 0.919531 0.812500 0.159375 0.219444
1 0.918750 0.874306 0.160938 0.212500
2 0.945703 0.578472 0.107031 0.298611
0 0.970313 0.209722 0.050000 0.019444
0 0.898438 0.283333 0.043750 0.030556
1 0.191406 0.508333 0.067187 0.038889
4 0.190625 0.473611 0.065625 0.041667
4 0.189453 0.436111 0.066406 0.041667
4 0.187500 0.390972 0.067187 0.056944
2 0.090234 0.861806 0.180469 0.273611
2 0.082422 0.643750 0.164844 0.345833
2 0.077734 0.365972 0.155469 0.329167
2 0.102344 0.825694 0.204687 0.345833
0 0.432031 0.156250 0.025000 0.037500
0 0.410156 0.327083 0.040625 0.068056
1 0.075391 0.584028 0.150781 0.073611
3 0.684375 0.316667 0.270313 0.363889
1 0.075000 0.550694 0.150000 0.056944
