2 0.199609 0.897917 0.399219 0.201389
2 0.696094 0.902083 0.448437 0.193056
2 0.949219 0.906944 0.100000 0.183333
2 0.632812 0.716667 0.278125 0.405556
2 0.295312 0.822917 0.285938 0.351389
2 0.089844 0.822917 0.179688 0.351389
2 0.089453 0.515972 0.178906 0.359722
2 0.885156 0.826389 0.228125 0.344444
1 0.383203 0.668056 0.171094 0.061111
2 0.578125 0.662500 0.173437 0.211111
2 0.780078 0.677778 0.189844 0.250000
2 0.579688 0.456250 0.175000 0.240278
2 0.781641 0.456944 0.192969 0.241667
2 0.033203 0.852083 0.066406 0.293056
2 0.245312 0.852778 0.353125 0.291667
2 0.032813 0.533333 0.065625 0.391667
2 0.646875 0.855556 0.340625 0.286111
2 0.910156 0.857639 0.178125 0.281944
1 0.421484 0.669444 0.105469 0.052778
1 0.450000 0.709028 0.056250 0.076389
1 0.309375 0.712500 0.095312 0.047222
1 0.489844 0.640278 0.004687 0.033333
5 0.619922 0.511806 0.022656 0.101389
0 0.989453 0.332639 0.019531 0.031944
0 0.968359 0.484722 0.055469 0.058333
1 0.750391 0.632639 0.157031 0.054167
1 0.751172 0.601389 0.157031 0.052778
