4 0.990234 0.800694 0.002344 0.001389
4 0.993359 0.795833 0.008594 0.008333
2 0.186719 0.905556 0.373437 0.186111
2 0.593359 0.928472 0.782031 0.140278
2 0.448047 0.714583 0.369531 0.234722
2 0.038281 0.762500 0.076563 0.050000
2 0.038281 0.760417 0.076563 0.054167
2 0.962109 0.895833 0.074219 0.205556
1 0.560156 0.727778 0.006250 0.002778
2 0.627344 0.730556 0.146875 0.052778
2 0.920703 0.812500 0.152344 0.200000
2 0.659375 0.581250 0.225000 0.284722
2 0.038281 0.876389 0.076563 0.244444
2 0.301172 0.781250 0.464844 0.434722
2 0.736328 0.775694 0.525781 0.445833
1 0.943359 0.856250 0.041406 0.023611
1 0.971875 0.797917 0.051562 0.034722
