2 0.072656 0.862500 0.145313 0.272222
2 0.151562 0.918750 0.290625 0.159722
2 0.315234 0.992361 0.033594 0.012500
2 0.012500 0.715972 0.025000 0.268056
2 0.460156 0.796528 0.250000 0.404167
2 0.305078 0.822917 0.207031 0.320833
2 0.204297 0.725000 0.186719 0.302778
2 0.300000 0.569444 0.210938 0.322222
2 0.645703 0.896528 0.296094 0.204167
1 0.589063 0.661806 0.160938 0.076389
2 0.729688 0.716667 0.195312 0.302778
2 0.895703 0.798611 0.207031 0.352778
2 0.082422 0.765278 0.164844 0.333333
2 0.180469 0.834722 0.223438 0.327778
2 0.319922 0.879861 0.264844 0.237500
2 0.503516 0.938194 0.307031 0.120833
1 0.667188 0.686111 0.104688 0.100000
1 0.566406 0.670833 0.067187 0.044444
5 0.992578 0.520833 0.013281 0.111111
