2 0.102344 0.840972 0.204687 0.315278
2 0.277734 0.875694 0.349219 0.245833
2 0.565234 0.918750 0.414844 0.159722
2 0.007031 0.688194 0.014063 0.295833
2 0.521484 0.711111 0.261719 0.386111
2 0.316406 0.711111 0.228125 0.183333
2 0.171484 0.709028 0.211719 0.243056
2 0.166016 0.467361 0.213281 0.243056
2 0.757031 0.839583 0.289062 0.318056
1 0.550391 0.632639 0.163281 0.056944
1 0.548047 0.568056 0.164844 0.055556
1 0.550781 0.589583 0.170313 0.068056
2 0.705859 0.667361 0.185156 0.256944
2 0.894141 0.703472 0.205469 0.301389
2 0.708203 0.457639 0.189844 0.245833
2 0.076172 0.755556 0.152344 0.336111
2 0.203906 0.812500 0.259375 0.297222
2 0.198828 0.550000 0.266406 0.355556
2 0.413672 0.777083 0.299219 0.443056
2 0.682813 0.800000 0.353125 0.397222
1 0.629297 0.661111 0.133594 0.069444
1 0.532031 0.659028 0.045312 0.029167
1 0.525781 0.630556 0.056250 0.027778
1 0.783594 0.615278 0.123438 0.047222
5 0.912500 0.488889 0.053125 0.022222
1 0.921094 0.651389 0.156250 0.080556
1 0.921875 0.627083 0.154688 0.062500
