1 0.981641 0.492361 0.035156 0.045833
1 0.926172 0.445833 0.146094 0.058333
1 0.981250 0.521528 0.035937 0.065278
1 0.980469 0.563194 0.037500 0.065278
1 0.980078 0.593056 0.038281 0.063889
1 0.980469 0.627778 0.037500 0.066667
2 0.871484 0.410417 0.139844 0.051389
0 0.741797 0.256250 0.036719 0.009722
0 0.675781 0.318750 0.034375 0.012500
1 0.045312 0.561111 0.045312 0.038889
4 0.046484 0.523611 0.050781 0.047222
4 0.046094 0.495139 0.050000 0.015278
4 0.044922 0.431944 0.049219 0.025000
2 0.278516 0.938194 0.452344 0.120833
2 0.731250 0.849306 0.535937 0.298611
2 0.909375 0.804861 0.179688 0.387500
2 0.316406 0.663889 0.412500 0.536111
2 0.060937 0.930556 0.121875 0.136111
2 0.056641 0.432639 0.113281 0.540278
2 0.628125 0.722917 0.214062 0.348611
2 0.070703 0.579861 0.096094 0.190278
2 0.072266 0.345139 0.144531 0.293056
2 0.147266 0.919444 0.294531 0.158333
2 0.144922 0.513889 0.289844 0.797222
2 0.493359 0.711111 0.502344 0.575000
2 0.782031 0.668056 0.379688 0.555556
0 0.316797 0.218750 0.025781 0.034722
0 0.324219 0.386111 0.025000 0.027778
1 0.093750 0.570833 0.046875 0.063889
3 0.547656 0.355556 0.145313 0.300000
1 0.094141 0.534028 0.044531 0.048611
