2 0.580859 0.393056 0.046094 0.030556
2 0.493359 0.504861 0.144531 0.248611
2 0.290234 0.549306 0.260156 0.329167
2 0.253125 0.347917 0.053125 0.112500
0 0.607422 0.210417 0.024219 0.026389
2 0.723828 0.410417 0.239844 0.337500
2 0.839453 0.520833 0.192969 0.283333
2 0.918359 0.500000 0.158594 0.244444
2 0.573047 0.595833 0.297656 0.419444
2 0.177344 0.484028 0.179688 0.215278
2 0.062891 0.497222 0.125781 0.238889
2 0.862500 0.386806 0.046875 0.020833
2 0.726953 0.606944 0.010156 0.016667
2 0.711328 0.202083 0.188281 0.145833
2 0.582031 0.331250 0.157812 0.156944
2 0.416406 0.414583 0.282813 0.370833
