1 0.864844 0.638194 0.134375 0.062500
4 0.869141 0.602778 0.135156 0.066667
4 0.869922 0.564583 0.135156 0.062500
4 0.871094 0.517361 0.135937 0.084722
2 0.031641 0.703472 0.063281 0.301389
2 0.101562 0.845833 0.203125 0.305556
1 0.200000 0.598611 0.098437 0.077778
1 0.227344 0.538194 0.157812 0.065278
1 0.198828 0.566667 0.099219 0.075000
2 0.339453 0.648611 0.189844 0.297222
2 0.478125 0.715278 0.220312 0.344444
1 0.230078 0.623611 0.036719 0.027778
1 0.738672 0.653472 0.121094 0.059722
1 0.585938 0.659722 0.185938 0.094444
1 0.586719 0.629861 0.196875 0.087500
