2 0.946484 0.217361 0.105469 0.123611
1 0.932422 0.351389 0.133594 0.091667
1 0.935937 0.316667 0.126562 0.083333
1 0.932422 0.387500 0.133594 0.088889
1 0.929688 0.420833 0.139063 0.097222
1 0.930078 0.454861 0.138281 0.095833
1 0.931641 0.490278 0.135156 0.088889
2 0.732031 0.320139 0.107813 0.245833
0 0.450391 0.032639 0.038281 0.023611
0 0.356250 0.104167 0.039062 0.025000
2 0.629687 0.773611 0.215625 0.275000
2 0.631250 0.745139 0.379688 0.506944
0 0.030469 0.344444 0.039062 0.052778
0 0.014844 0.094444 0.029687 0.061111
1 0.355859 0.881250 0.257031 0.234722
3 0.225781 0.227083 0.176563 0.454167
1 0.347656 0.922222 0.228125 0.152778
