1 0.933203 0.858333 0.132031 0.111111
4 0.935937 0.817361 0.126562 0.112500
4 0.936719 0.772222 0.125000 0.108333
4 0.937500 0.718750 0.123438 0.131944
1 0.242188 0.759722 0.150000 0.108333
1 0.217578 0.695833 0.096094 0.094444
1 0.234766 0.727083 0.128906 0.101389
2 0.333594 0.848611 0.195312 0.300000
2 0.454297 0.876389 0.232031 0.244444
2 0.332422 0.618056 0.196094 0.325000
1 0.402734 0.761806 0.142969 0.115278
1 0.388281 0.801389 0.165625 0.094444
1 0.287891 0.773611 0.035156 0.033333
1 0.714063 0.763194 0.010937 0.037500
5 0.818750 0.688194 0.079687 0.181944
1 0.600391 0.908333 0.217969 0.155556
1 0.600000 0.875694 0.207813 0.126389
