2 0.501172 0.623611 0.113281 0.213889
2 0.517188 0.685417 0.137500 0.262500
2 0.539062 0.797917 0.171875 0.390278
2 0.147266 0.517361 0.130469 0.201389
2 0.087500 0.560417 0.156250 0.248611
0 0.332422 0.324306 0.041406 0.026389
2 0.482031 0.511806 0.103125 0.195833
2 0.799609 0.594444 0.177344 0.283333
2 0.703516 0.609028 0.075781 0.193056
2 0.673828 0.528472 0.075781 0.079167
2 0.881250 0.782639 0.229687 0.376389
2 0.062500 0.716667 0.125000 0.313889
2 0.027344 0.778472 0.054688 0.334722
1 0.995703 0.602083 0.007031 0.031944
2 0.590625 0.540972 0.104688 0.106944
2 0.621484 0.569444 0.125781 0.108333
2 0.591406 0.416667 0.106250 0.183333
2 0.622656 0.436111 0.128125 0.216667
2 0.660156 0.690278 0.156250 0.280556
2 0.717578 0.790972 0.200781 0.384722
