2 0.265234 0.613194 0.133594 0.259722
2 0.295703 0.684028 0.160156 0.318056
2 0.342578 0.777778 0.189844 0.400000
0 0.066406 0.289583 0.045312 0.029167
2 0.241016 0.482639 0.108594 0.209722
2 0.562500 0.544444 0.167187 0.261111
2 0.651953 0.723611 0.211719 0.352778
1 0.782422 0.549306 0.146094 0.062500
1 0.782813 0.494444 0.139063 0.052778
1 0.782422 0.520833 0.138281 0.058333
2 0.878125 0.599306 0.182812 0.243056
2 0.951172 0.640972 0.096094 0.251389
2 0.886719 0.405556 0.179688 0.222222
2 0.950391 0.418056 0.097656 0.230556
2 0.329297 0.553472 0.069531 0.204167
2 0.353906 0.602778 0.081250 0.241667
2 0.343359 0.381944 0.113281 0.188889
2 0.384766 0.404861 0.133594 0.220833
2 0.438281 0.563889 0.157812 0.286111
2 0.503125 0.631250 0.207813 0.354167
1 0.892578 0.607639 0.149219 0.054167
1 0.827344 0.585417 0.142187 0.037500
1 0.865625 0.538889 0.067187 0.030556
1 0.830469 0.560417 0.135937 0.037500
