2 0.192969 0.214583 0.198437 0.237500
2 0.061328 0.357639 0.122656 0.365278
2 0.176172 0.054167 0.172656 0.108333
2 0.037500 0.072222 0.075000 0.144444
2 0.405859 0.065972 0.205469 0.131944
2 0.181641 0.456944 0.363281 0.591667
2 0.439063 0.453472 0.282813 0.423611
2 0.605078 0.315972 0.236719 0.398611
2 0.438281 0.175694 0.301563 0.351389
2 0.042578 0.747917 0.085156 0.487500
2 0.789844 0.972917 0.418750 0.051389
2 0.782422 0.584722 0.433594 0.827778
2 0.514844 0.242361 0.209375 0.348611
2 0.320703 0.341667 0.263281 0.300000
2 0.314063 0.134722 0.271875 0.269444
2 0.114062 0.456250 0.228125 0.445833
