1 0.549609 0.675694 0.124219 0.084722
4 0.546094 0.639583 0.126562 0.059722
4 0.546094 0.584722 0.126562 0.055556
4 0.546094 0.520833 0.126562 0.077778
2 0.012500 0.431944 0.004687 0.016667
2 0.025781 0.471528 0.031250 0.093056
2 0.053516 0.312500 0.107031 0.177778
2 0.022656 0.311806 0.045312 0.206944
1 0.443359 0.568056 0.057031 0.050000
5 0.575781 0.519444 0.098437 0.230556
0 0.525391 0.077778 0.053906 0.088889
0 0.532422 0.315278 0.089844 0.063889
0 0.539844 0.687500 0.046875 0.077778
3 0.225000 0.499306 0.450000 0.998611
1 0.035547 0.508333 0.022656 0.019444
