2 0.034766 0.462500 0.061719 0.197222
3 0.184766 0.425000 0.135156 0.394444
1 0.076563 0.651389 0.106250 0.055556
1 0.242188 0.572222 0.240625 0.069444
1 0.241797 0.632639 0.239844 0.084722
1 0.241406 0.693750 0.225000 0.095833
2 0.003125 0.547222 0.006250 0.530556
2 0.714844 0.547917 0.168750 0.223611
2 0.893750 0.416667 0.100000 0.025000
2 0.779687 0.425694 0.131250 0.056944
2 0.971484 0.378472 0.055469 0.120833
2 0.889062 0.554861 0.220312 0.281944
2 0.620313 0.538889 0.025000 0.152778
2 0.561328 0.542361 0.135156 0.165278
2 0.944531 0.663889 0.021875 0.005556
2 0.798047 0.551389 0.200781 0.250000
