1 0.989062 0.993056 0.020313 0.011111
1 0.612109 0.180556 0.153906 0.080556
1 0.008984 0.220139 0.017969 0.048611
1 0.002344 0.148611 0.004687 0.025000
1 0.004297 0.180556 0.008594 0.041667
2 0.095312 0.288889 0.190625 0.330556
2 0.249609 0.328472 0.274219 0.393056
2 0.088281 0.090278 0.176563 0.180556
1 0.074609 0.170139 0.142969 0.076389
1 0.082812 0.197222 0.142187 0.102778
1 0.077344 0.234028 0.154688 0.101389
1 0.076953 0.265278 0.153906 0.102778
1 0.492188 0.205556 0.048438 0.066667
0 0.958594 0.064583 0.035937 0.045833
1 0.360938 0.254167 0.225000 0.102778
1 0.358984 0.216667 0.217969 0.086111
