1 0.941016 0.845833 0.116406 0.300000
1 0.940625 0.884028 0.117188 0.229167
1 0.561719 0.407639 0.143750 0.045833
4 0.564063 0.372917 0.135937 0.051389
4 0.564453 0.336111 0.136719 0.047222
4 0.564453 0.300000 0.136719 0.052778
2 0.026172 0.608333 0.052344 0.411111
1 0.011328 0.392361 0.022656 0.037500
2 0.094141 0.425000 0.188281 0.280556
2 0.251172 0.445833 0.238281 0.308333
2 0.091016 0.179167 0.182031 0.272222
1 0.069141 0.421528 0.138281 0.070833
1 0.074219 0.450694 0.148438 0.065278
1 0.292969 0.404167 0.132812 0.036111
5 0.428125 0.311806 0.081250 0.184722
0 0.860156 0.064583 0.040625 0.043056
0 0.827344 0.257639 0.045312 0.073611
1 0.342578 0.404861 0.192969 0.062500
3 0.993750 0.454861 0.010937 0.001389
1 0.341797 0.370139 0.191406 0.054167
