1 0.595313 0.689583 0.139063 0.051389
4 0.598047 0.655556 0.138281 0.058333
4 0.598437 0.619444 0.139063 0.055556
4 0.598437 0.578472 0.139063 0.070833
1 0.027344 0.696528 0.054688 0.051389
2 0.095312 0.744444 0.190625 0.275000
2 0.233203 0.794444 0.221094 0.302778
2 0.093359 0.517361 0.186719 0.265278
2 0.228906 0.544444 0.225000 0.294444
1 0.101172 0.725694 0.161719 0.087500
1 0.052344 0.711111 0.089063 0.061111
1 0.225781 0.664583 0.014063 0.012500
5 0.473047 0.576389 0.082031 0.188889
0 0.885547 0.370139 0.030469 0.045833
0 0.882812 0.480556 0.037500 0.038889
0 0.833203 0.475694 0.049219 0.037500
0 0.831641 0.665278 0.049219 0.044444
1 0.340234 0.725000 0.182031 0.077778
1 0.340625 0.695139 0.192188 0.073611
