1 0.951172 0.722917 0.096094 0.215278
4 0.958203 0.661111 0.082031 0.194444
4 0.961328 0.595139 0.075781 0.176389
4 0.964453 0.527778 0.069531 0.175000
1 0.162891 0.302778 0.122656 0.147222
2 0.145703 0.458333 0.180469 0.433333
2 0.121484 0.695139 0.230469 0.568056
1 0.270313 0.270139 0.035937 0.059722
1 0.333594 0.203472 0.173437 0.118056
1 0.270703 0.302778 0.038281 0.077778
1 0.275781 0.330556 0.032813 0.091667
1 0.277344 0.377778 0.032813 0.066667
1 0.275000 0.396528 0.039062 0.109722
1 0.769531 0.697917 0.228125 0.248611
5 0.926172 0.379861 0.146094 0.334722
1 0.392188 0.737500 0.176563 0.108333
1 0.384766 0.611806 0.188281 0.256944
