2 0.971875 0.637500 0.054688 0.513889
2 0.927734 0.690278 0.142969 0.616667
2 0.974219 0.190278 0.050000 0.380556
1 0.157422 0.732639 0.314844 0.195833
1 0.127344 0.830556 0.254688 0.194444
1 0.365625 0.645833 0.242188 0.113889
2 0.739844 0.526389 0.240625 0.313889
1 0.362891 0.495139 0.042969 0.026389
4 0.362891 0.467361 0.042969 0.031944
4 0.362891 0.437500 0.042969 0.030556
4 0.396875 0.406944 0.110937 0.030556
2 0.021094 0.456944 0.042188 0.183333
2 0.082031 0.470139 0.164062 0.206944
2 0.019922 0.274306 0.039844 0.181944
1 0.025000 0.481944 0.026562 0.027778
1 0.028125 0.502083 0.031250 0.020833
1 0.160938 0.486806 0.120313 0.018056
5 0.293750 0.425694 0.067187 0.148611
0 0.611719 0.211111 0.034375 0.033333
0 0.591797 0.368056 0.039844 0.055556
1 0.170313 0.456944 0.143750 0.033333
3 0.888672 0.351389 0.213281 0.391667
1 0.169531 0.428472 0.142187 0.031944
