2 0.370312 0.700694 0.045312 0.068056
2 0.044531 0.775694 0.089063 0.279167
2 0.309766 0.520833 0.136719 0.130556
2 0.141797 0.554861 0.150781 0.179167
0 0.456641 0.382639 0.038281 0.026389
2 0.468359 0.597222 0.169531 0.227778
2 0.218359 0.655556 0.263281 0.200000
2 0.453516 0.691667 0.211719 0.086111
2 0.603906 0.689583 0.203125 0.143056
2 0.447656 0.552083 0.232813 0.298611
2 0.605859 0.529167 0.208594 0.263889
2 0.051562 0.855556 0.103125 0.286111
2 0.039844 0.638194 0.079687 0.179167
1 0.940234 0.979861 0.067969 0.037500
2 0.771094 0.945139 0.026562 0.106944
2 0.542188 0.661111 0.182812 0.158333
2 0.409766 0.697222 0.124219 0.075000
2 0.368359 0.513194 0.208594 0.231944
2 0.066797 0.791667 0.046094 0.250000
2 0.023828 0.829167 0.047656 0.311111
