2 0.249609 0.788194 0.197656 0.229167
2 0.101953 0.822917 0.096094 0.209722
2 0.500391 0.624306 0.113281 0.106944
2 0.325391 0.661806 0.136719 0.170833
0 0.591797 0.465278 0.033594 0.030556
2 0.469531 0.693056 0.179688 0.233333
2 0.014063 0.662500 0.028125 0.158333
2 0.156250 0.852083 0.268750 0.293056
2 0.400781 0.852778 0.243750 0.291667
2 0.158594 0.575694 0.268750 0.326389
2 0.401172 0.575694 0.242969 0.331944
2 0.195312 0.769444 0.142187 0.102778
2 0.066797 0.720139 0.133594 0.156944
1 0.030859 0.935417 0.061719 0.126389
1 0.030859 0.977083 0.061719 0.043056
2 0.456250 0.834028 0.206250 0.287500
2 0.208984 0.828472 0.227344 0.248611
2 0.297266 0.498611 0.055469 0.133333
2 0.050781 0.718056 0.101562 0.241667
