3 0.060937 0.499306 0.121875 0.998611
1 0.922266 0.665278 0.153906 0.130556
1 0.920312 0.559028 0.157812 0.115278
1 0.917188 0.763194 0.164062 0.170833
1 0.923828 0.870139 0.150781 0.173611
1 0.916797 0.928472 0.164844 0.140278
1 0.921094 0.981944 0.145313 0.033333
2 0.121875 0.588889 0.003125 0.208333
2 0.164062 0.613889 0.087500 0.258333
2 0.218359 0.670139 0.196094 0.362500
2 0.374609 0.503472 0.185156 0.248611
2 0.273438 0.579167 0.145313 0.197222
2 0.225781 0.559722 0.110937 0.161111
2 0.487500 0.632639 0.217188 0.295833
1 0.536328 0.563194 0.067969 0.031944
2 0.649219 0.579861 0.160938 0.201389
2 0.776953 0.595139 0.191406 0.229167
2 0.646875 0.388889 0.164062 0.200000
2 0.778906 0.377778 0.187500 0.227778
2 0.145703 0.480556 0.050781 0.002778
2 0.184766 0.590972 0.128906 0.220833
2 0.145313 0.387500 0.051562 0.186111
2 0.183984 0.372917 0.128906 0.223611
2 0.251172 0.613194 0.188281 0.259722
2 0.354687 0.649306 0.237500 0.326389
1 0.539062 0.622917 0.050000 0.023611
1 0.828125 0.611806 0.034375 0.015278
5 0.975391 0.481944 0.047656 0.038889
1 0.826953 0.580556 0.094531 0.038889
1 0.809375 0.547222 0.067187 0.036111
