1 0.092188 0.782639 0.184375 0.273611
1 0.092969 0.906250 0.185938 0.184722
1 0.085547 0.961111 0.171094 0.075000
2 0.777344 0.689583 0.443750 0.618056
1 0.703125 0.501389 0.167187 0.055556
4 0.705469 0.461111 0.165625 0.058333
4 0.705859 0.416667 0.166406 0.055556
4 0.706250 0.370833 0.167187 0.047222
1 0.028516 0.415278 0.057031 0.038889
2 0.080078 0.438194 0.160156 0.254167
2 0.152734 0.464583 0.199219 0.298611
2 0.080859 0.197917 0.161719 0.254167
2 0.144531 0.183333 0.207813 0.300000
1 0.056641 0.472222 0.000781 0.002778
1 0.404687 0.463194 0.143750 0.040278
5 0.592578 0.387500 0.099219 0.197222
0 0.996875 0.056250 0.004687 0.056944
1 0.329688 0.441667 0.157812 0.061111
1 0.326562 0.404861 0.153125 0.048611
