2 0.995313 0.940278 0.007812 0.116667
1 0.645312 0.415278 0.156250 0.083333
1 0.020703 0.384028 0.041406 0.051389
1 0.012109 0.321528 0.024219 0.034722
1 0.018750 0.349306 0.037500 0.051389
2 0.079297 0.442361 0.158594 0.284722
2 0.173437 0.492361 0.232813 0.354167
2 0.074609 0.202083 0.149219 0.279167
1 0.112891 0.426389 0.169531 0.086111
1 0.066016 0.401389 0.132031 0.069444
1 0.089063 0.347917 0.082812 0.045833
1 0.069531 0.376389 0.125000 0.061111
1 0.433984 0.397222 0.047656 0.044444
5 0.523438 0.315278 0.071875 0.158333
0 0.973437 0.061806 0.051562 0.056944
0 0.969141 0.197222 0.053906 0.047222
0 0.909766 0.190278 0.063281 0.044444
0 0.900781 0.413889 0.060937 0.052778
1 0.314844 0.439583 0.190625 0.090278
1 0.314844 0.406944 0.204687 0.083333
