1 0.525000 0.643056 0.070312 0.066667
4 0.525391 0.606944 0.066406 0.069444
4 0.525391 0.572222 0.066406 0.063889
4 0.525781 0.534722 0.067187 0.069444
2 0.081250 0.828472 0.162500 0.340278
2 0.263281 0.835417 0.264062 0.326389
1 0.024609 0.651389 0.049219 0.077778
1 0.024219 0.614583 0.048438 0.076389
1 0.028125 0.688889 0.056250 0.088889
1 0.025781 0.726389 0.051562 0.086111
1 0.026562 0.763194 0.053125 0.087500
1 0.030078 0.800694 0.060156 0.101389
1 0.459766 0.696528 0.060156 0.073611
5 0.359766 0.502778 0.033594 0.127778
0 0.796484 0.303472 0.027344 0.045833
0 0.765234 0.490278 0.058594 0.080556
1 0.326953 0.760417 0.207031 0.101389
3 0.966406 0.706944 0.065625 0.050000
1 0.326562 0.721528 0.206250 0.095833
