2 0.044922 0.392361 0.089844 0.231944
3 0.216797 0.392361 0.183594 0.520833
1 0.243750 0.729167 0.210938 0.155556
1 0.245312 0.790278 0.209375 0.119444
1 0.389062 0.906944 0.192188 0.183333
1 0.364063 0.943750 0.120313 0.109722
2 0.962109 0.425000 0.074219 0.194444
2 0.889062 0.453472 0.181250 0.240278
2 0.765625 0.489583 0.185938 0.265278
2 0.888672 0.251389 0.124219 0.158333
2 0.771875 0.270139 0.132812 0.170833
2 0.995313 0.481250 0.007812 0.156944
2 0.923438 0.601389 0.151562 0.333333
2 0.672656 0.348611 0.134375 0.183333
2 0.569922 0.369444 0.132031 0.194444
2 0.941797 0.497222 0.114844 0.266667
2 0.857812 0.541667 0.207813 0.297222
