2 0.973437 0.533333 0.051562 0.163889
2 0.974219 0.389583 0.050000 0.156944
0 0.547266 0.347917 0.035156 0.012500
0 0.453906 0.419444 0.034375 0.016667
1 0.269922 0.959028 0.024219 0.079167
4 0.203125 0.921528 0.159375 0.154167
4 0.183203 0.877083 0.197656 0.190278
4 0.171484 0.811806 0.219531 0.181944
5 0.071484 0.952778 0.142969 0.091667
0 0.264453 0.313889 0.041406 0.025000
0 0.262109 0.462500 0.058594 0.041667
0 0.252344 0.473611 0.045312 0.047222
0 0.255469 0.705556 0.043750 0.030556
1 0.890625 0.918750 0.217188 0.159722
3 0.370312 0.505556 0.118750 0.425000
1 0.886719 0.870139 0.225000 0.198611
