2 0.929297 0.975000 0.139844 0.047222
2 0.205469 0.893056 0.410938 0.211111
2 0.877344 0.542361 0.243750 0.595833
2 0.575000 0.753472 0.453125 0.490278
2 0.340234 0.690972 0.027344 0.204167
2 0.581641 0.339583 0.494531 0.679167
1 0.410156 0.389583 0.181250 0.109722
1 0.405469 0.305556 0.176563 0.072222
1 0.405859 0.338194 0.175781 0.106944
2 0.610547 0.319444 0.246094 0.258333
2 0.823047 0.318056 0.250781 0.333333
2 0.613281 0.120833 0.251563 0.241667
2 0.710938 0.808333 0.576562 0.380556
2 0.166797 0.523611 0.333594 0.863889
2 0.954297 0.654167 0.089844 0.597222
1 0.333984 0.443056 0.024219 0.002778
1 0.600781 0.246528 0.059375 0.043056
5 0.468750 0.140278 0.057813 0.100000
0 0.860156 0.040278 0.028125 0.030556
1 0.733594 0.252083 0.206250 0.076389
3 0.975391 0.175694 0.047656 0.026389
1 0.733594 0.227778 0.198437 0.055556
