2 0.885547 0.749306 0.147656 0.095833
2 0.967187 0.802083 0.064062 0.193056
2 0.882812 0.622222 0.150000 0.183333
1 0.760547 0.753472 0.028906 0.004167
1 0.842578 0.731250 0.192969 0.040278
1 0.843750 0.815278 0.200000 0.050000
1 0.845313 0.853472 0.195312 0.054167
1 0.844141 0.887500 0.202344 0.072222
1 0.846094 0.925694 0.195312 0.076389
2 0.569531 0.740278 0.139063 0.080556
2 0.144141 0.801389 0.288281 0.061111
2 0.393359 0.875000 0.364844 0.247222
2 0.499609 0.499306 0.999219 0.998611
2 0.018359 0.712500 0.036719 0.238889
2 0.147266 0.781944 0.292969 0.100000
2 0.020703 0.774306 0.041406 0.115278
2 0.022656 0.611806 0.045312 0.237500
2 0.066016 0.793750 0.132031 0.076389
2 0.252734 0.779861 0.324219 0.079167
0 0.091797 0.556250 0.030469 0.031944
0 0.089844 0.637500 0.032813 0.022222
0 0.058203 0.636806 0.032031 0.023611
0 0.051562 0.777083 0.010937 0.001389
3 0.316016 0.676389 0.155469 0.247222
