2 0.957422 0.795139 0.083594 0.406944
2 0.928906 0.721528 0.140625 0.554167
2 0.917578 0.296528 0.163281 0.593056
1 0.161328 0.970833 0.286719 0.055556
1 0.398828 0.850000 0.216406 0.052778
1 0.398438 0.900694 0.215625 0.048611
1 0.396875 0.950000 0.231250 0.061111
2 0.735938 0.851389 0.221875 0.291667
4 0.428906 0.865278 0.045312 0.022222
4 0.423438 0.840278 0.032813 0.030556
2 0.031250 0.859028 0.062500 0.181944
2 0.096875 0.859722 0.175000 0.197222
1 0.169922 0.918056 0.097656 0.019444
5 0.297266 0.863889 0.067969 0.144444
0 0.601562 0.646528 0.028125 0.031944
0 0.603125 0.729861 0.029687 0.023611
0 0.568359 0.731944 0.036719 0.022222
0 0.570312 0.880556 0.037500 0.022222
1 0.180469 0.863194 0.143750 0.026389
3 0.867969 0.762500 0.210938 0.363889
1 0.181250 0.834722 0.151562 0.030556
