1 0.840625 0.381250 0.137500 0.034722
4 0.846484 0.345833 0.125781 0.038889
4 0.844922 0.309722 0.130469 0.036111
4 0.852734 0.274306 0.114844 0.037500
2 0.035547 0.306250 0.071094 0.498611
2 0.233203 0.381250 0.466406 0.762500
2 0.207813 0.174306 0.332813 0.348611
2 0.086719 0.427083 0.035937 0.065278
2 0.055469 0.056944 0.110937 0.113889
2 0.482422 0.326389 0.352344 0.472222
1 0.382422 0.236806 0.017969 0.034722
1 0.383203 0.256250 0.016406 0.004167
2 0.464844 0.304861 0.200000 0.243056
2 0.664453 0.314583 0.216406 0.281944
2 0.121875 0.184722 0.243750 0.369444
2 0.366406 0.190972 0.453125 0.381944
1 0.380469 0.413194 0.035937 0.004167
1 0.714453 0.379861 0.116406 0.018056
5 0.678906 0.374306 0.007812 0.004167
1 0.706250 0.313889 0.179688 0.036111
1 0.706641 0.275000 0.178906 0.036111
