1 0.467969 0.971528 0.143750 0.054167
1 0.655469 0.772222 0.232813 0.230556
1 0.655078 0.824306 0.214844 0.215278
2 0.944141 0.622917 0.110156 0.340278
1 0.573047 0.365972 0.114844 0.054167
2 0.060156 0.584028 0.120313 0.323611
1 0.045703 0.375000 0.091406 0.044444
2 0.168359 0.398611 0.164844 0.211111
2 0.289062 0.421528 0.173437 0.240278
2 0.161719 0.219444 0.168750 0.208333
1 0.062109 0.404861 0.058594 0.026389
1 0.472656 0.381250 0.092188 0.045833
5 0.486328 0.251389 0.035156 0.100000
0 0.810937 0.279861 0.018750 0.031944
0 0.810547 0.102083 0.025781 0.037500
1 0.367969 0.384722 0.153125 0.063889
3 0.946094 0.404167 0.106250 0.158333
1 0.367188 0.361806 0.146875 0.048611
