2 0.197656 0.858333 0.395313 0.280556
2 0.736719 0.837500 0.525000 0.322222
2 0.977344 0.834722 0.043750 0.327778
2 0.550781 0.611806 0.351562 0.484722
2 0.155469 0.772917 0.310937 0.451389
2 0.874609 0.751389 0.249219 0.469444
1 0.174609 0.584028 0.205469 0.059722
1 0.174219 0.506944 0.215625 0.075000
1 0.175000 0.561111 0.215625 0.061111
2 0.341406 0.582639 0.073438 0.273611
2 0.405469 0.334722 0.206250 0.280556
2 0.621094 0.307639 0.212500 0.218056
2 0.169141 0.804861 0.338281 0.387500
2 0.639062 0.693750 0.451562 0.609722
2 0.899609 0.669444 0.199219 0.572222
1 0.201953 0.646528 0.103906 0.006944
1 0.208203 0.666667 0.127344 0.050000
1 0.048047 0.679861 0.094531 0.051389
1 0.044141 0.599306 0.057031 0.034722
1 0.062500 0.622917 0.064062 0.079167
1 0.357031 0.556250 0.040625 0.045833
5 0.371875 0.460417 0.010937 0.009722
0 0.769141 0.230556 0.032031 0.033333
0 0.750000 0.383333 0.050000 0.058333
3 0.937109 0.378472 0.124219 0.320833
