1 0.312500 0.974306 0.164062 0.048611
1 0.696094 0.894444 0.167187 0.155556
2 0.964453 0.765278 0.069531 0.336111
1 0.737891 0.643056 0.125781 0.038889
4 0.739844 0.614583 0.118750 0.040278
4 0.739844 0.584722 0.118750 0.038889
4 0.740234 0.554167 0.119531 0.041667
2 0.067578 0.561806 0.135156 0.209722
2 0.024609 0.600694 0.049219 0.129167
2 0.024219 0.445139 0.048438 0.179167
2 0.135937 0.684028 0.190625 0.268056
1 0.250391 0.590278 0.117969 0.036111
1 0.250781 0.543056 0.125000 0.033333
1 0.250781 0.567361 0.125000 0.034722
2 0.330078 0.609722 0.136719 0.186111
2 0.422656 0.628472 0.156250 0.204167
2 0.424609 0.450694 0.152344 0.193056
2 0.005469 0.562500 0.010937 0.197222
2 0.050000 0.594444 0.100000 0.258333
1 0.344531 0.617361 0.117188 0.040278
1 0.341016 0.640278 0.117969 0.025000
1 0.258594 0.636111 0.046875 0.027778
1 0.302734 0.588194 0.091406 0.026389
1 0.292187 0.611806 0.112500 0.031944
1 0.552344 0.620833 0.092188 0.016667
5 0.641406 0.578472 0.054688 0.115278
0 0.970313 0.359722 0.028125 0.036111
0 0.947656 0.525000 0.046875 0.063889
1 0.502344 0.612500 0.120313 0.038889
1 0.503516 0.585417 0.122656 0.037500
