2 0.773828 0.881250 0.208594 0.234722
1 0.342187 0.695833 0.114062 0.041667
4 0.344141 0.667361 0.113281 0.048611
4 0.343750 0.638889 0.114062 0.044444
4 0.343750 0.608333 0.114062 0.052778
2 0.004297 0.667361 0.008594 0.031944
2 0.075391 0.778472 0.150781 0.248611
5 0.235547 0.613889 0.071094 0.161111
0 0.562891 0.434028 0.028906 0.034722
0 0.563281 0.517361 0.028125 0.029167
0 0.526172 0.515972 0.036719 0.026389
0 0.527734 0.662500 0.036719 0.030556
1 0.182422 0.734028 0.066406 0.054167
3 0.790625 0.610417 0.281250 0.368056
1 0.184375 0.704861 0.070312 0.059722
