1 0.850000 0.519444 0.051562 0.036111
4 0.851172 0.484722 0.052344 0.038889
4 0.853516 0.449306 0.050781 0.037500
4 0.846484 0.397222 0.071094 0.069444
2 0.281250 0.879861 0.523438 0.237500
1 0.593750 0.840972 0.235937 0.140278
2 0.845703 0.811806 0.271094 0.373611
2 0.967187 0.790278 0.064062 0.369444
2 0.856250 0.536806 0.285938 0.384722
1 0.566016 0.581250 0.114844 0.054167
1 0.582422 0.561111 0.144531 0.086111
1 0.539844 0.598611 0.073438 0.019444
1 0.444531 0.863194 0.059375 0.043056
1 0.737500 0.580556 0.164062 0.080556
5 0.701172 0.368056 0.082031 0.111111
1 0.921484 0.704167 0.044531 0.030556
1 0.878125 0.579167 0.009375 0.011111
