1 0.232813 0.641667 0.031250 0.027778
2 0.105078 0.603472 0.203906 0.404167
2 0.065234 0.558333 0.130469 0.577778
2 0.073047 0.227083 0.146094 0.406944
1 0.404297 0.563194 0.135156 0.062500
1 0.392578 0.506944 0.153906 0.050000
1 0.361719 0.608333 0.215625 0.050000
1 0.361719 0.657639 0.215625 0.045833
1 0.361328 0.703472 0.216406 0.045833
1 0.361328 0.752083 0.214844 0.048611
1 0.385547 0.751389 0.167969 0.041667
1 0.725391 0.732639 0.188281 0.051389
5 0.998828 0.422917 0.000781 0.009722
1 0.266797 0.572222 0.285156 0.111111
1 0.265234 0.488889 0.307031 0.144444
