2 0.753125 0.996528 0.023438 0.004167
2 0.909766 0.967361 0.178906 0.062500
0 0.004687 0.871528 0.009375 0.187500
2 0.298828 0.941667 0.394531 0.113889
2 0.719531 0.846528 0.262500 0.304167
2 0.471875 0.922222 0.279687 0.152778
2 0.237109 0.930556 0.235156 0.088889
2 0.924219 0.889583 0.150000 0.218056
1 0.312109 0.869444 0.189844 0.075000
2 0.481250 0.799306 0.179688 0.184722
2 0.610938 0.784722 0.121875 0.186111
2 0.566016 0.979861 0.327344 0.037500
2 0.198828 0.799306 0.366406 0.398611
2 0.562891 0.789583 0.335156 0.418056
2 0.833984 0.929861 0.307031 0.137500
2 0.948047 0.915972 0.102344 0.165278
1 0.302344 0.881250 0.076563 0.015278
1 0.162500 0.917361 0.129688 0.065278
1 0.470703 0.784722 0.077344 0.036111
5 0.359375 0.653472 0.065625 0.070833
0 0.669922 0.624306 0.016406 0.023611
0 0.666016 0.486111 0.028906 0.027778
1 0.542969 0.778472 0.095312 0.054167
3 0.857031 0.601389 0.157812 0.266667
1 0.544531 0.750000 0.092188 0.047222
