4 0.550000 0.456944 0.009375 0.002778
2 0.179297 0.938889 0.358594 0.119444
2 0.641406 0.915278 0.429688 0.166667
2 0.894141 0.901389 0.210156 0.194444
2 0.497656 0.731944 0.276562 0.416667
2 0.162109 0.860417 0.291406 0.276389
2 0.010156 0.850000 0.020313 0.297222
2 0.153906 0.567361 0.301563 0.409722
2 0.758594 0.816667 0.281250 0.363889
2 0.390234 0.661806 0.174219 0.259722
2 0.576562 0.631250 0.181250 0.234722
2 0.388281 0.443750 0.178125 0.248611
2 0.164062 0.877778 0.328125 0.241667
2 0.547266 0.862500 0.333594 0.272222
2 0.842187 0.849306 0.314063 0.298611
1 0.082812 0.750000 0.017188 0.016667
1 0.345313 0.597222 0.031250 0.044444
0 0.730859 0.440278 0.017969 0.025000
0 0.727734 0.288194 0.022656 0.031944
3 0.911719 0.421528 0.175000 0.301389
1 0.597656 0.558333 0.006250 0.002778
