2 0.612500 0.785417 0.082812 0.087500
2 0.329297 0.743056 0.158594 0.208333
2 0.494922 0.627083 0.055469 0.020833
2 0.407031 0.630556 0.118750 0.050000
0 0.651953 0.541667 0.032031 0.022222
2 0.727344 0.625000 0.059375 0.055556
2 0.611328 0.648611 0.177344 0.222222
2 0.736719 0.740972 0.159375 0.198611
2 0.832422 0.741667 0.146094 0.186111
2 0.473828 0.744444 0.197656 0.250000
2 0.248438 0.672222 0.009375 0.002778
2 0.188281 0.741667 0.129688 0.163889
2 0.921484 0.755556 0.155469 0.288889
2 0.817969 0.749306 0.270313 0.354167
2 0.793750 0.429861 0.228125 0.370833
2 0.761328 0.746528 0.121094 0.162500
2 0.669141 0.786806 0.097656 0.098611
2 0.658203 0.561111 0.150781 0.180556
2 0.566016 0.791667 0.108594 0.108333
2 0.394922 0.744444 0.174219 0.227778
1 0.937891 0.750694 0.122656 0.059722
1 0.937500 0.688194 0.123438 0.062500
