1 0.861719 0.453472 0.246875 0.212500
4 0.870703 0.404167 0.253906 0.222222
4 0.873437 0.347222 0.251563 0.216667
4 0.875391 0.271528 0.247656 0.254167
1 0.008203 0.195139 0.016406 0.070833
1 0.002734 0.136806 0.005469 0.012500
1 0.005469 0.162500 0.010937 0.047222
2 0.034766 0.314583 0.069531 0.440278
2 0.062500 0.667361 0.125000 0.370833
2 0.041797 0.253472 0.083594 0.506944
1 0.092578 0.238194 0.088281 0.140278
1 0.087109 0.165972 0.092969 0.076389
1 0.120313 0.091667 0.173437 0.080556
1 0.113281 0.120139 0.153125 0.095833
1 0.575391 0.395139 0.214844 0.201389
5 0.727734 0.150694 0.111719 0.254167
1 0.270313 0.578472 0.181250 0.137500
1 0.244922 0.468750 0.247656 0.276389
