4 0.267188 0.954861 0.046875 0.037500
2 0.499609 0.499306 0.999219 0.998611
2 0.615625 0.431944 0.767188 0.863889
2 0.039844 0.499306 0.079687 0.998611
2 0.022656 0.140972 0.045312 0.281944
2 0.967187 0.936111 0.046875 0.011111
2 0.182422 0.847917 0.364844 0.301389
2 0.521484 0.877778 0.316406 0.122222
2 0.324219 0.499306 0.648438 0.998611
2 0.814453 0.363889 0.369531 0.727778
5 0.155859 0.934722 0.003906 0.011111
1 0.315625 0.950000 0.057813 0.022222
3 0.960938 0.936111 0.056250 0.011111
1 0.316406 0.929861 0.056250 0.040278
