3 0.152344 0.723611 0.304688 0.427778
1 0.844141 0.823611 0.307031 0.341667
2 0.370703 0.306250 0.116406 0.206944
2 0.395703 0.322222 0.130469 0.233333
2 0.419531 0.357639 0.168750 0.295833
2 0.043750 0.213889 0.087500 0.186111
2 0.029687 0.221528 0.059375 0.223611
0 0.200781 0.041667 0.040625 0.025000
2 0.350781 0.211806 0.100000 0.176389
2 0.642969 0.222917 0.153125 0.229167
2 0.583984 0.298611 0.122656 0.194444
2 0.544141 0.275000 0.105469 0.150000
2 0.587891 0.107639 0.130469 0.193056
2 0.548047 0.116667 0.113281 0.169444
2 0.712891 0.346528 0.188281 0.276389
2 0.006641 0.322917 0.013281 0.231944
1 0.842969 0.288194 0.076563 0.034722
2 0.938281 0.309028 0.121875 0.212500
2 0.984766 0.317361 0.028906 0.220833
2 0.937500 0.106944 0.123438 0.213889
2 0.450781 0.285417 0.100000 0.170833
2 0.483203 0.303472 0.117969 0.201389
2 0.522656 0.324306 0.140625 0.237500
2 0.572266 0.351389 0.185156 0.286111
1 0.866797 0.348611 0.021094 0.016667
