2 0.087500 0.852778 0.175000 0.291667
2 0.053516 0.875694 0.107031 0.179167
2 0.030859 0.864583 0.061719 0.145833
2 0.058594 0.659028 0.117188 0.287500
2 0.036719 0.602083 0.073438 0.234722
2 0.113672 0.962500 0.192969 0.072222
1 0.376172 0.800000 0.078906 0.088889
2 0.506250 0.865278 0.187500 0.266667
2 0.632812 0.890972 0.235937 0.215278
2 0.503516 0.652778 0.196094 0.297222
1 0.608203 0.834722 0.017969 0.055556
1 0.935937 0.927778 0.126562 0.100000
5 0.957422 0.657639 0.083594 0.068056
1 0.767969 0.931944 0.210938 0.133333
1 0.768750 0.896528 0.209375 0.123611
