1 0.977344 0.695833 0.043750 0.044444
4 0.980859 0.665278 0.036719 0.044444
4 0.981641 0.631250 0.035156 0.043056
4 0.982031 0.590972 0.034375 0.056944
2 0.020313 0.759722 0.040625 0.097222
2 0.071875 0.884028 0.143750 0.229167
2 0.134375 0.933333 0.268750 0.130556
2 0.315234 0.752083 0.207031 0.334722
2 0.203906 0.778472 0.168750 0.268056
2 0.130078 0.716667 0.152344 0.236111
2 0.199219 0.563194 0.173437 0.265278
2 0.124609 0.523611 0.155469 0.233333
2 0.438672 0.872222 0.233594 0.252778
1 0.481250 0.662500 0.139063 0.063889
2 0.590234 0.706944 0.164844 0.258333
2 0.724219 0.784028 0.195312 0.273611
2 0.729688 0.569444 0.195312 0.272222
2 0.045703 0.702778 0.091406 0.211111
2 0.090234 0.787500 0.180469 0.272222
2 0.183984 0.858333 0.211719 0.280556
2 0.306641 0.899306 0.250781 0.198611
1 0.576562 0.690278 0.137500 0.080556
1 0.507422 0.669444 0.122656 0.050000
5 0.919141 0.583333 0.049219 0.180556
1 0.805469 0.730556 0.168750 0.077778
1 0.806641 0.706250 0.167969 0.068056
