1 0.614453 0.650694 0.758594 0.429167
1 0.965625 0.136806 0.060937 0.120833
1 0.955859 0.248611 0.078906 0.116667
1 0.955078 0.358333 0.078906 0.116667
1 0.963672 0.431250 0.060156 0.015278
2 0.129297 0.218056 0.202344 0.280556
2 0.050391 0.422222 0.100781 0.144444
2 0.225000 0.333333 0.248438 0.375000
1 0.414844 0.378472 0.131250 0.037500
1 0.410547 0.315278 0.130469 0.038889
1 0.412500 0.345833 0.126562 0.036111
2 0.501172 0.345139 0.183594 0.184722
2 0.635938 0.330556 0.214062 0.213889
2 0.503906 0.156250 0.179688 0.262500
2 0.029687 0.345833 0.059375 0.019444
2 0.080859 0.179861 0.161719 0.359722
1 0.454297 0.407639 0.146094 0.026389
1 0.454297 0.429167 0.146094 0.016667
1 0.867578 0.434722 0.132031 0.005556
5 0.894922 0.381250 0.060156 0.098611
1 0.747656 0.369444 0.201563 0.044444
1 0.751953 0.332639 0.183594 0.045833
