2 0.297656 0.565972 0.246875 0.090278
2 0.070312 0.730556 0.037500 0.363889
2 0.466406 0.430556 0.034375 0.227778
2 0.294141 0.430556 0.164844 0.225000
0 0.682813 0.215278 0.046875 0.041667
2 0.602734 0.555556 0.247656 0.347222
2 0.026562 0.742361 0.053125 0.509722
2 0.276953 0.861111 0.385156 0.275000
2 0.673438 0.825000 0.379688 0.347222
2 0.269531 0.517361 0.400000 0.548611
2 0.678906 0.502778 0.393750 0.525000
2 0.121484 0.504861 0.183594 0.195833
2 0.017578 0.465972 0.035156 0.109722
2 0.655078 0.848611 0.302344 0.294444
2 0.305469 0.595833 0.260937 0.047222
2 0.659766 0.254861 0.316406 0.048611
2 0.049219 0.659028 0.098437 0.418056
