2 0.993750 0.570833 0.010937 0.188889
2 0.888281 0.729861 0.221875 0.537500
2 0.527734 0.606250 0.942969 0.784722
2 0.524609 0.230556 0.949219 0.461111
1 0.178125 0.700000 0.356250 0.108333
1 0.194922 0.542361 0.389844 0.081944
1 0.194922 0.620139 0.389844 0.098611
2 0.454297 0.674306 0.324219 0.429167
2 0.622266 0.637500 0.233594 0.341667
2 0.622656 0.446528 0.234375 0.070833
1 0.037891 0.824306 0.075781 0.145833
5 0.016016 0.579167 0.032031 0.002778
0 0.424219 0.297917 0.007812 0.001389
0 0.396484 0.572222 0.002344 0.011111
1 0.486719 0.613194 0.190625 0.056944
3 0.643359 0.522222 0.133594 0.216667
1 0.474609 0.569444 0.228906 0.052778
