1 0.972266 0.543750 0.053906 0.098611
2 0.971094 0.245139 0.056250 0.106944
4 0.192578 0.165972 0.080469 0.037500
2 0.812891 0.968056 0.178906 0.061111
2 0.071094 0.663889 0.142187 0.522222
2 0.376953 0.756944 0.435156 0.483333
2 0.013281 0.401389 0.026562 0.119444
2 0.187500 0.459722 0.257812 0.386111
2 0.009375 0.228472 0.018750 0.298611
2 0.089453 0.913889 0.178906 0.169444
2 0.512109 0.834722 0.566406 0.327778
1 0.028906 0.375694 0.057813 0.045833
5 0.005469 0.120139 0.006250 0.006944
0 0.431641 0.026389 0.036719 0.033333
0 0.391016 0.029861 0.044531 0.031944
0 0.395703 0.201389 0.042969 0.036111
1 0.158984 0.386806 0.202344 0.087500
3 0.675000 0.133333 0.250000 0.266667
1 0.157031 0.349306 0.215625 0.093056
