2 0.705859 0.565972 0.025781 0.006944
2 0.399609 0.564583 0.033594 0.112500
2 0.137891 0.671528 0.035156 0.306944
2 0.630859 0.381250 0.141406 0.115278
2 0.464844 0.419444 0.145313 0.177778
0 0.792188 0.248611 0.043750 0.030556
2 0.810156 0.466667 0.189062 0.208333
2 0.544531 0.632639 0.257812 0.387500
2 0.806250 0.727083 0.232813 0.340278
2 0.934766 0.636806 0.128906 0.251389
2 0.798828 0.441667 0.266406 0.330556
2 0.292187 0.793750 0.279687 0.409722
2 0.329688 0.476389 0.145313 0.136111
2 0.178906 0.527083 0.148438 0.218056
2 0.806250 0.938889 0.121875 0.119444
2 0.283984 0.997917 0.007031 0.001389
2 0.873047 0.681250 0.252344 0.634722
2 0.571484 0.683333 0.600781 0.630556
2 0.918359 0.604861 0.161719 0.254167
2 0.705859 0.565972 0.025781 0.006944
2 0.707422 0.393056 0.230469 0.252778
2 0.473828 0.517361 0.207031 0.215278
2 0.246484 0.606250 0.239844 0.359722
