1 0.717578 0.620833 0.138281 0.058333
4 0.720313 0.590972 0.131250 0.059722
4 0.721094 0.557639 0.131250 0.056944
4 0.721484 0.519444 0.132031 0.072222
2 0.014844 0.679861 0.029687 0.248611
2 0.075781 0.834028 0.151562 0.329167
1 0.171484 0.599306 0.138281 0.056944
2 0.264062 0.634722 0.162500 0.250000
2 0.375391 0.697222 0.180469 0.258333
2 0.373828 0.487500 0.182031 0.258333
1 0.280078 0.622222 0.141406 0.077778
1 0.220312 0.607639 0.128125 0.051389
1 0.563281 0.602778 0.028125 0.036111
5 0.610156 0.506944 0.076563 0.175000
0 0.987109 0.342361 0.024219 0.045833
0 0.958203 0.521528 0.067969 0.084722
1 0.473438 0.643056 0.153125 0.072222
1 0.475391 0.619444 0.147656 0.061111
