2 0.939063 0.875000 0.120313 0.247222
1 0.688672 0.788194 0.149219 0.048611
4 0.691016 0.752778 0.147656 0.052778
4 0.690234 0.715278 0.146094 0.047222
4 0.690625 0.675000 0.146875 0.055556
1 0.071094 0.719444 0.142187 0.050000
1 0.066016 0.659028 0.132031 0.040278
1 0.066016 0.688889 0.132031 0.047222
2 0.141797 0.748611 0.177344 0.241667
2 0.245703 0.777083 0.194531 0.279167
2 0.147266 0.534028 0.169531 0.229167
2 0.241406 0.533333 0.203125 0.261111
1 0.195312 0.752083 0.160938 0.054167
1 0.206250 0.781944 0.132812 0.038889
1 0.096875 0.777778 0.026562 0.033333
1 0.161719 0.717361 0.110937 0.040278
1 0.152344 0.745139 0.129688 0.040278
1 0.506641 0.775694 0.147656 0.048611
5 0.576562 0.704861 0.067187 0.143056
0 0.975000 0.420139 0.048438 0.048611
0 0.982422 0.660417 0.033594 0.040278
1 0.373828 0.749306 0.182031 0.062500
1 0.373828 0.715972 0.172656 0.051389
