2 0.043359 0.801389 0.086719 0.319444
2 0.057031 0.802778 0.114062 0.269444
2 0.081641 0.736111 0.128906 0.227778
2 0.059766 0.601389 0.119531 0.241667
2 0.076563 0.559722 0.132812 0.205556
2 0.015234 0.913194 0.030469 0.170833
1 0.367969 0.777778 0.009375 0.083333
2 0.436719 0.858333 0.129688 0.280556
2 0.458203 0.893056 0.171094 0.211111
2 0.431250 0.640278 0.140625 0.277778
2 0.020703 0.696528 0.041406 0.143056
2 0.018750 0.559028 0.037500 0.204167
1 0.536719 0.849306 0.056250 0.081944
1 0.538672 0.805556 0.050781 0.011111
1 0.860547 0.970139 0.050781 0.056944
5 0.991406 0.724306 0.015625 0.045833
1 0.645703 0.945139 0.174219 0.106944
1 0.645312 0.923611 0.173437 0.144444
