1 0.608203 0.900000 0.175781 0.197222
1 0.607812 0.920139 0.175000 0.156944
2 0.898438 0.771528 0.201563 0.340278
1 0.491406 0.485417 0.112500 0.056944
2 0.057031 0.765278 0.114062 0.297222
1 0.042578 0.525694 0.085156 0.051389
1 0.043359 0.477778 0.086719 0.044444
1 0.044141 0.499306 0.088281 0.054167
2 0.121094 0.552083 0.159375 0.195833
2 0.242188 0.579167 0.162500 0.211111
2 0.114844 0.381250 0.162500 0.204167
2 0.237109 0.400000 0.166406 0.216667
2 0.001563 0.780556 0.003125 0.077778
1 0.108984 0.539583 0.132031 0.073611
1 0.050391 0.527083 0.100781 0.048611
1 0.093359 0.472917 0.013281 0.026389
1 0.085547 0.497917 0.030469 0.034722
1 0.402344 0.506250 0.048438 0.043056
5 0.391406 0.393750 0.050000 0.059722
0 0.706250 0.248611 0.021875 0.036111
0 0.683984 0.390278 0.036719 0.061111
1 0.310156 0.530556 0.137500 0.052778
3 0.892188 0.434028 0.214062 0.362500
1 0.309375 0.505556 0.135937 0.050000
