2 0.499609 0.499306 0.999219 0.998611
1 0.875781 0.514583 0.215625 0.048611
4 0.875781 0.461806 0.200000 0.056944
4 0.875781 0.408333 0.200000 0.058333
4 0.875781 0.359028 0.200000 0.065278
1 0.095703 0.413194 0.025781 0.037500
1 0.086719 0.344444 0.015625 0.047222
1 0.092969 0.377778 0.028125 0.041667
2 0.103906 0.393750 0.018750 0.240278
2 0.197266 0.393056 0.172656 0.325000
2 0.165234 0.161806 0.142969 0.290278
1 0.291406 0.370139 0.015625 0.031944
1 0.293750 0.337500 0.020313 0.033333
1 0.326172 0.395139 0.085156 0.018056
1 0.647656 0.490972 0.178125 0.031944
5 0.755859 0.426389 0.067969 0.155556
1 0.384766 0.401389 0.175781 0.050000
1 0.384375 0.357639 0.175000 0.056944
