2 0.957422 0.890278 0.083594 0.216667
2 0.941797 0.409722 0.114844 0.766667
1 0.237109 0.942361 0.205469 0.112500
1 0.591797 0.836111 0.111719 0.125000
2 0.888672 0.731250 0.221094 0.329167
1 0.583984 0.643056 0.117969 0.030556
4 0.585156 0.616667 0.110937 0.036111
4 0.585156 0.587500 0.110937 0.033333
4 0.586719 0.559028 0.107813 0.037500
2 0.052344 0.678472 0.104688 0.259722
1 0.103906 0.601389 0.125000 0.030556
1 0.104297 0.552083 0.132031 0.029167
1 0.104297 0.577083 0.132031 0.031944
2 0.189453 0.615278 0.141406 0.180556
2 0.287500 0.627083 0.156250 0.195833
2 0.288672 0.451389 0.152344 0.188889
1 0.200000 0.645833 0.125000 0.033333
1 0.139063 0.646528 0.109375 0.031944
1 0.157422 0.602083 0.088281 0.029167
1 0.142969 0.623611 0.117188 0.030556
1 0.426563 0.630556 0.062500 0.022222
5 0.489844 0.587500 0.048438 0.108333
0 0.794922 0.372917 0.024219 0.034722
0 0.775391 0.525694 0.041406 0.056944
1 0.372656 0.613194 0.129688 0.034722
3 0.936328 0.525000 0.125781 0.361111
1 0.372266 0.586806 0.128906 0.031944
