1 0.162109 0.727083 0.114844 0.020833
4 0.166016 0.682639 0.121094 0.018056
4 0.152344 0.637500 0.093750 0.027778
2 0.165234 0.499306 0.330469 0.998611
2 0.660937 0.499306 0.676562 0.998611
2 0.017578 0.659722 0.035156 0.063889
2 0.339062 0.643750 0.462500 0.698611
2 0.137109 0.656250 0.211719 0.268056
2 0.050000 0.714583 0.100000 0.568056
2 0.526953 0.598611 0.711719 0.800000
0 0.440625 0.566667 0.018750 0.016667
0 0.435937 0.384722 0.026562 0.036111
1 0.178906 0.636111 0.146875 0.047222
3 0.676953 0.545833 0.242969 0.338889
