3 0.013281 0.790972 0.026562 0.415278
2 0.715625 0.533333 0.115625 0.247222
2 0.674609 0.618056 0.138281 0.294444
2 0.620313 0.722917 0.175000 0.356944
2 0.471094 0.357639 0.114062 0.184722
2 0.399219 0.413889 0.135937 0.216667
0 0.632422 0.190278 0.038281 0.047222
2 0.746094 0.395833 0.103125 0.205556
2 0.937500 0.575694 0.123438 0.315278
2 0.944531 0.489583 0.101562 0.106944
2 0.946484 0.486111 0.096094 0.111111
2 0.949219 0.329861 0.100000 0.201389
2 0.925000 0.790972 0.148438 0.398611
2 0.323828 0.545139 0.157031 0.254167
2 0.250391 0.624306 0.144531 0.298611
2 0.842578 0.480556 0.099219 0.219444
2 0.825000 0.551389 0.115625 0.258333
2 0.802734 0.640278 0.132031 0.308333
2 0.767969 0.756944 0.171875 0.377778
