3 0.045703 0.496528 0.091406 0.418056
1 0.094141 0.677083 0.188281 0.054167
1 0.083203 0.707639 0.166406 0.004167
1 0.327344 0.650000 0.343750 0.083333
1 0.280078 0.720833 0.227344 0.058333
2 0.241406 0.463889 0.482812 0.927778
2 0.739062 0.746528 0.009375 0.009722
2 0.696875 0.718056 0.153125 0.077778
2 0.584766 0.650000 0.171094 0.222222
2 0.542578 0.579167 0.088281 0.091667
0 0.796875 0.474306 0.015625 0.018056
2 0.894141 0.548611 0.178906 0.236111
2 0.954688 0.654167 0.089063 0.208333
2 0.989844 0.744444 0.003125 0.016667
2 0.951562 0.459722 0.095312 0.213889
2 0.792578 0.637500 0.202344 0.263889
2 0.473047 0.672222 0.116406 0.150000
2 0.362109 0.635417 0.113281 0.115278
2 0.901953 0.695833 0.002344 0.030556
2 0.887891 0.718056 0.141406 0.075000
2 0.882031 0.419444 0.148438 0.083333
2 0.788672 0.490278 0.061719 0.075000
2 0.679688 0.543750 0.187500 0.243056
