1 0.843359 0.724306 0.135156 0.081944
2 0.360156 0.946528 0.404687 0.104167
2 0.082422 0.823611 0.164844 0.350000
1 0.287500 0.890972 0.221875 0.104167
2 0.513672 0.860417 0.235156 0.276389
2 0.775781 0.873611 0.242188 0.250000
1 0.428906 0.806944 0.057813 0.119444
1 0.423047 0.844444 0.069531 0.116667
1 0.379688 0.882639 0.167187 0.131944
1 0.219922 0.910417 0.085156 0.034722
1 0.627344 0.774306 0.106250 0.045833
5 0.677344 0.584722 0.060937 0.141667
1 0.775000 0.852083 0.193750 0.084722
1 0.776172 0.802778 0.194531 0.108333
