2 0.053516 0.483333 0.107031 0.197222
1 0.212500 0.510417 0.098437 0.068056
2 0.398828 0.390972 0.124219 0.159722
3 0.436328 0.438889 0.244531 0.411111
1 0.151172 0.614583 0.130469 0.106944
1 0.151953 0.645833 0.121094 0.100000
1 0.001172 0.729861 0.002344 0.037500
2 0.626563 0.802083 0.101562 0.190278
2 0.538672 0.729167 0.230469 0.225000
2 0.419141 0.857639 0.339844 0.281944
2 0.943750 0.945139 0.110937 0.106944
2 0.258984 0.863889 0.263281 0.269444
2 0.949609 0.625694 0.099219 0.143056
2 0.839844 0.584028 0.195312 0.168056
2 0.835547 0.791667 0.327344 0.413889
2 0.555859 0.822917 0.239844 0.351389
2 0.407031 0.740972 0.246875 0.368056
