1 0.950781 0.738889 0.096875 0.144444
1 0.755859 0.582639 0.221094 0.126389
2 0.788281 0.417361 0.184375 0.231944
1 0.106641 0.418750 0.016406 0.040278
2 0.162891 0.790972 0.325781 0.415278
2 0.092969 0.496528 0.185938 0.112500
2 0.051953 0.450694 0.103906 0.206944
2 0.048047 0.240278 0.096094 0.263889
2 0.122266 0.747917 0.244531 0.501389
1 0.032813 0.455556 0.043750 0.005556
0 0.301172 0.112500 0.022656 0.033333
0 0.302344 0.198611 0.029687 0.025000
0 0.264453 0.200000 0.038281 0.025000
0 0.269922 0.352083 0.036719 0.029167
1 0.027344 0.438889 0.054688 0.061111
3 0.523828 0.252778 0.230469 0.313889
1 0.041406 0.412500 0.082812 0.044444
