2 0.395313 0.634028 0.179688 0.273611
2 0.173047 0.629861 0.202344 0.245833
2 0.037891 0.563194 0.075781 0.093056
2 0.563281 0.363194 0.135937 0.201389
2 0.371094 0.371528 0.132812 0.206944
0 0.686328 0.234028 0.036719 0.043056
2 0.619531 0.517361 0.190625 0.234722
2 0.124219 0.760417 0.248438 0.393056
2 0.408203 0.873611 0.236719 0.250000
2 0.655469 0.830556 0.246875 0.336111
2 0.405078 0.593750 0.247656 0.393056
2 0.662109 0.579167 0.258594 0.383333
2 0.233984 0.445833 0.141406 0.208333
2 0.087109 0.452778 0.158594 0.211111
2 0.084766 0.915972 0.169531 0.165278
2 0.648438 0.718750 0.209375 0.318056
2 0.402734 0.736806 0.197656 0.329167
2 0.255859 0.753472 0.025781 0.337500
