2 0.007812 0.322222 0.015625 0.108333
1 0.054297 0.154861 0.108594 0.143056
1 0.058594 0.187500 0.117188 0.152778
1 0.057813 0.227778 0.115625 0.141667
2 0.310937 0.018056 0.156250 0.036111
3 0.514062 0.125694 0.139063 0.251389
1 0.410938 0.337500 0.231250 0.172222
1 0.412109 0.389583 0.228906 0.148611
1 0.412891 0.431250 0.225781 0.151389
1 0.461328 0.754167 0.235156 0.397222
1 0.461719 0.806250 0.231250 0.384722
1 0.470703 0.829861 0.155469 0.337500
2 0.069141 0.978472 0.138281 0.040278
2 0.941406 0.046528 0.115625 0.093056
