2 0.496875 0.734028 0.131250 0.193056
2 0.639844 0.732639 0.137500 0.193056
2 0.497656 0.565278 0.131250 0.180556
2 0.639453 0.565278 0.138281 0.180556
1 0.801172 0.810417 0.103906 0.054167
3 0.981641 0.993750 0.035156 0.009722
1 0.684375 0.876389 0.131250 0.105556
1 0.683984 0.907639 0.121094 0.079167
1 0.373828 0.885417 0.182031 0.081944
1 0.374609 0.931250 0.191406 0.079167
2 0.188281 0.788889 0.140625 0.250000
2 0.957812 0.969444 0.082812 0.058333
2 0.485938 0.944444 0.420312 0.108333
2 0.499609 0.768750 0.999219 0.459722
2 0.742578 0.970833 0.219531 0.055556
