2 0.278516 0.606250 0.088281 0.168056
2 0.363281 0.599306 0.132812 0.170833
2 0.362891 0.454167 0.133594 0.158333
1 0.498047 0.618056 0.116406 0.038889
1 0.498047 0.640278 0.121094 0.036111
2 0.701562 0.529167 0.121875 0.158333
3 0.802734 0.545833 0.185156 0.352778
1 0.528125 0.679861 0.143750 0.068056
1 0.526953 0.714583 0.133594 0.059722
1 0.338672 0.759722 0.183594 0.091667
2 0.957031 0.638194 0.062500 0.059722
2 0.978125 0.615278 0.021875 0.102778
2 0.811328 0.762500 0.171094 0.202778
2 0.482422 0.972222 0.130469 0.052778
2 0.396094 0.875000 0.315625 0.247222
2 0.707031 0.664583 0.584375 0.668056
2 0.886328 0.745833 0.111719 0.238889
