4 0.907031 0.779167 0.012500 0.027778
4 0.907422 0.753472 0.013281 0.040278
2 0.531641 0.958333 0.558594 0.080556
2 0.953125 0.970139 0.092188 0.056944
2 0.106250 0.827083 0.212500 0.343056
2 0.900391 0.822917 0.197656 0.351389
2 0.557422 0.935417 0.280469 0.126389
2 0.256641 0.918750 0.294531 0.159722
2 0.246484 0.626389 0.344531 0.425000
1 0.594531 0.892361 0.175000 0.034722
2 0.850781 0.870139 0.178125 0.256944
2 0.972656 0.844444 0.053125 0.200000
2 0.970703 0.629861 0.057031 0.279167
2 0.212891 0.922222 0.196094 0.152778
2 0.556641 0.934028 0.424219 0.129167
2 0.157422 0.638889 0.314844 0.558333
2 0.555469 0.638194 0.418750 0.590278
2 0.915234 0.929861 0.167969 0.137500
1 0.626953 0.911806 0.110156 0.037500
1 0.631641 0.920139 0.072656 0.020833
1 0.488672 0.971528 0.088281 0.004167
1 0.783203 0.870833 0.042969 0.027778
5 0.828516 0.753472 0.030469 0.140278
1 0.942969 0.854167 0.009375 0.011111
1 0.930859 0.813889 0.033594 0.041667
