3 0.119922 0.220833 0.174219 0.441667
1 0.111328 0.534722 0.213281 0.138889
1 0.260547 0.748611 0.260156 0.283333
2 0.061328 0.836806 0.122656 0.323611
2 0.921875 0.234028 0.154688 0.212500
2 0.806250 0.262500 0.178125 0.233333
2 0.672656 0.292361 0.185938 0.256944
2 0.832031 0.084722 0.126562 0.155556
2 0.710547 0.100000 0.132031 0.169444
2 0.983594 0.109722 0.031250 0.122222
2 0.943750 0.247917 0.110937 0.281944
2 0.852344 0.384028 0.232813 0.320833
2 0.607031 0.176389 0.134375 0.180556
2 0.497266 0.193056 0.135156 0.191667
2 0.966797 0.268056 0.064844 0.205556
2 0.882812 0.298611 0.171875 0.258333
2 0.754687 0.335417 0.209375 0.287500
