1 0.720313 0.730556 0.062500 0.038889
4 0.721484 0.690972 0.064844 0.045833
4 0.721875 0.649306 0.065625 0.043056
4 0.684766 0.597222 0.141406 0.072222
2 0.092969 0.927778 0.185938 0.141667
1 0.074219 0.857639 0.148438 0.084722
2 0.260547 0.843056 0.294531 0.311111
2 0.552734 0.858333 0.274219 0.280556
2 0.553125 0.597222 0.279687 0.408333
1 0.179688 0.833333 0.123438 0.122222
1 0.191406 0.873611 0.098437 0.122222
1 0.291797 0.747222 0.175781 0.061111
5 0.469141 0.525000 0.002344 0.013889
0 0.998437 0.456250 0.001563 0.031944
0 0.965234 0.459722 0.055469 0.036111
0 0.962891 0.663194 0.052344 0.043056
1 0.572266 0.823611 0.203906 0.083333
1 0.578125 0.770139 0.225000 0.106944
