2 0.635156 0.593750 0.185938 0.231944
2 0.768359 0.588889 0.177344 0.213889
2 0.636719 0.372917 0.189062 0.237500
2 0.767578 0.384722 0.177344 0.219444
1 0.926953 0.577083 0.080469 0.023611
1 0.966016 0.589583 0.002344 0.001389
1 0.996484 0.577778 0.005469 0.022222
1 0.990234 0.611806 0.016406 0.040278
1 0.987500 0.652083 0.010937 0.040278
1 0.988281 0.686111 0.010937 0.025000
1 0.872656 0.577778 0.253125 0.061111
1 0.869531 0.636111 0.259375 0.072222
1 0.869922 0.688889 0.258594 0.083333
1 0.895703 0.744444 0.207031 0.088889
2 0.467187 0.627083 0.246875 0.351389
