1 0.658984 0.883333 0.411719 0.222222
1 0.659375 0.786111 0.442188 0.247222
1 0.659766 0.921528 0.410156 0.154167
1 0.660156 0.961111 0.410938 0.075000
1 0.873437 0.642361 0.151562 0.054167
4 0.876563 0.607639 0.151562 0.059722
4 0.876953 0.569444 0.152344 0.055556
4 0.877344 0.531944 0.151562 0.061111
2 0.042578 0.550000 0.085156 0.263889
2 0.017578 0.616667 0.035156 0.216667
2 0.082422 0.719444 0.164844 0.358333
1 0.280469 0.565278 0.118750 0.050000
1 0.284375 0.509722 0.128125 0.041667
1 0.283984 0.536806 0.125781 0.045833
2 0.363281 0.596528 0.154688 0.231944
2 0.462500 0.616667 0.181250 0.227778
2 0.458984 0.415278 0.188281 0.241667
1 0.385156 0.522222 0.120313 0.033333
1 0.404297 0.485417 0.130469 0.040278
1 0.368359 0.551389 0.011719 0.027778
1 0.368359 0.577778 0.011719 0.033333
1 0.358594 0.605556 0.031250 0.030556
1 0.351953 0.625694 0.041406 0.023611
1 0.307031 0.610417 0.048438 0.037500
1 0.326562 0.566667 0.003125 0.002778
1 0.323047 0.575694 0.010156 0.020833
1 0.656250 0.618056 0.114062 0.038889
5 0.758203 0.552083 0.066406 0.140278
1 0.604297 0.604167 0.103906 0.066667
1 0.607422 0.581250 0.110156 0.048611
