2 0.102344 0.834028 0.204687 0.329167
3 0.146875 0.499306 0.293750 0.998611
1 0.885938 0.964583 0.226562 0.068056
1 0.919922 0.779861 0.097656 0.043056
2 0.021094 0.877778 0.042188 0.183333
2 0.100000 0.866667 0.200000 0.263889
2 0.244141 0.588194 0.188281 0.023611
2 0.014844 0.805556 0.026562 0.033333
2 0.381250 0.834722 0.181250 0.291667
1 0.422266 0.729167 0.080469 0.033333
1 0.413672 0.675000 0.097656 0.030556
1 0.413281 0.701389 0.096875 0.033333
2 0.498828 0.746528 0.153906 0.201389
2 0.624219 0.765278 0.171875 0.225000
2 0.008594 0.814583 0.014063 0.048611
2 0.021484 0.786806 0.039844 0.218056
2 0.009375 0.557639 0.018750 0.165278
2 0.009375 0.575694 0.018750 0.209722
2 0.108203 0.701389 0.161719 0.247222
2 0.249609 0.725000 0.232031 0.291667
1 0.491016 0.775000 0.094531 0.036111
1 0.421875 0.772222 0.112500 0.038889
1 0.434375 0.725694 0.089063 0.031944
1 0.430469 0.751389 0.096875 0.033333
1 0.812891 0.782639 0.142969 0.037500
5 0.792969 0.674306 0.039062 0.045833
1 0.743359 0.749306 0.067969 0.040278
1 0.741406 0.719444 0.064062 0.036111
