2 0.000391 0.575694 0.000781 0.048611
3 0.114453 0.493056 0.186719 0.455556
1 0.173828 0.812500 0.183594 0.141667
1 0.307031 0.932639 0.115625 0.131944
2 0.310156 0.975000 0.076563 0.047222
2 0.760547 0.465278 0.102344 0.161111
2 0.681250 0.488194 0.134375 0.156944
2 0.582812 0.545833 0.145313 0.222222
2 0.675781 0.334028 0.101562 0.137500
2 0.581641 0.356250 0.108594 0.148611
0 0.807813 0.222222 0.032813 0.025000
2 0.857031 0.355556 0.115625 0.100000
2 0.837109 0.502083 0.157031 0.229167
2 0.925391 0.542361 0.144531 0.195833
2 0.964063 0.500694 0.070312 0.195833
2 0.930078 0.377778 0.138281 0.200000
2 0.736328 0.622222 0.167969 0.261111
2 0.498828 0.428472 0.113281 0.162500
2 0.413672 0.453472 0.114844 0.173611
2 0.987109 0.793750 0.024219 0.243056
2 0.949609 0.470139 0.080469 0.156944
2 0.878125 0.530556 0.068750 0.144444
2 0.931641 0.328472 0.132031 0.162500
2 0.852344 0.340972 0.137500 0.154167
2 0.751953 0.538194 0.133594 0.206944
2 0.655859 0.582639 0.155469 0.240278
