2 0.046875 0.336111 0.093750 0.202778
2 0.043359 0.166667 0.086719 0.188889
1 0.138281 0.363889 0.117188 0.052778
2 0.349609 0.223611 0.124219 0.155556
3 0.459766 0.227778 0.149219 0.352778
1 0.283594 0.393750 0.157812 0.065278
1 0.283984 0.429167 0.157031 0.058333
1 0.168359 0.510417 0.183594 0.104167
2 0.958594 0.397917 0.081250 0.240278
2 0.816016 0.383333 0.163281 0.230556
2 0.966797 0.372222 0.064844 0.305556
2 0.810156 0.428472 0.210938 0.226389
2 0.956641 0.314583 0.085156 0.176389
2 0.838281 0.299306 0.123438 0.156944
2 0.997266 0.831944 0.003906 0.138889
2 0.786719 0.493750 0.340625 0.079167
2 0.965625 0.332639 0.067187 0.259722
2 0.813672 0.329861 0.189844 0.268056
1 0.750391 0.927778 0.447656 0.141667
1 0.755078 0.907639 0.432031 0.179167
