2 0.382422 0.356944 0.149219 0.222222
2 0.222266 0.372917 0.199219 0.251389
2 0.070312 0.384028 0.140625 0.256944
2 0.374609 0.227778 0.132031 0.122222
2 0.220703 0.213889 0.144531 0.094444
2 0.349219 0.303472 0.229687 0.298611
2 0.452734 0.371528 0.014844 0.220833
2 0.454297 0.140972 0.019531 0.243056
2 0.137891 0.456250 0.275781 0.362500
2 0.088672 0.297917 0.153906 0.134722
2 0.010156 0.302083 0.020313 0.131944
1 0.987109 0.467361 0.024219 0.101389
1 0.989453 0.369444 0.019531 0.061111
1 0.988281 0.413889 0.021875 0.086111
2 0.383203 0.656944 0.266406 0.597222
2 0.415625 0.374306 0.087500 0.243056
2 0.417187 0.141667 0.093750 0.236111
2 0.285156 0.288889 0.215625 0.266667
2 0.097656 0.305556 0.195312 0.302778
1 0.705859 0.779167 0.538281 0.283333
1 0.707812 0.691667 0.512500 0.225000
