2 0.112891 0.754167 0.139844 0.161111
3 0.245703 0.748611 0.141406 0.363889
1 0.087500 0.948611 0.175000 0.066667
1 0.041016 0.967361 0.082031 0.062500
1 0.048438 0.988889 0.065625 0.019444
2 0.977344 0.777778 0.043750 0.030556
2 0.778906 0.764583 0.031250 0.001389
2 0.621875 0.868056 0.085938 0.225000
2 0.991406 0.753472 0.015625 0.059722
2 0.848047 0.711806 0.067969 0.059722
2 0.900000 0.752778 0.198437 0.166667
2 0.702344 0.886806 0.206250 0.223611
2 0.791016 0.750694 0.055469 0.023611
2 0.578125 0.819444 0.015625 0.163889
2 0.687891 0.915972 0.050781 0.165278
2 0.830078 0.636806 0.338281 0.454167
2 0.986719 0.781944 0.025000 0.033333
2 0.984766 0.658333 0.028906 0.225000
2 0.872656 0.731944 0.200000 0.122222
2 0.674219 0.792361 0.178125 0.243056
