2 0.951953 0.935417 0.050781 0.126389
2 0.986719 0.813194 0.025000 0.370833
1 0.394531 0.966667 0.159375 0.063889
2 0.678125 0.834028 0.195312 0.320833
1 0.271875 0.629167 0.120313 0.050000
2 0.039453 0.713889 0.078906 0.230556
2 0.037109 0.522222 0.074219 0.222222
1 0.147656 0.636111 0.010937 0.022222
5 0.164062 0.555556 0.071875 0.158333
0 0.487500 0.372222 0.021875 0.033333
0 0.468750 0.515972 0.046875 0.059722
1 0.072266 0.665972 0.144531 0.054167
3 0.705078 0.537500 0.266406 0.350000
1 0.071484 0.638194 0.142969 0.051389
