2 0.185547 0.457639 0.114844 0.087500
2 0.063672 0.458333 0.047656 0.088889
0 0.348047 0.315278 0.035156 0.027778
2 0.316016 0.458333 0.149219 0.105556
2 0.069531 0.447917 0.060937 0.109722
2 0.245703 0.575694 0.253906 0.115278
2 0.358594 0.518056 0.054688 0.011111
2 0.446094 0.381250 0.231250 0.276389
1 0.605078 0.831944 0.311719 0.144444
2 0.225391 0.788889 0.450781 0.419444
2 0.224219 0.323611 0.448437 0.647222
2 0.342969 0.563194 0.085938 0.104167
2 0.202344 0.608333 0.193750 0.050000
2 0.397656 0.391667 0.204687 0.238889
1 0.732422 0.963889 0.335156 0.069444
