1 0.064062 0.762500 0.128125 0.230556
1 0.064844 0.888889 0.129688 0.219444
2 0.715625 0.499306 0.567187 0.998611
2 0.068359 0.334028 0.136719 0.259722
2 0.099609 0.429167 0.125781 0.213889
2 0.126172 0.400694 0.107031 0.151389
2 0.100781 0.221528 0.140625 0.220833
2 0.059375 0.465278 0.118750 0.311111
1 0.419922 0.418750 0.032031 0.034722
2 0.423438 0.430556 0.026562 0.225000
2 0.484766 0.207639 0.132031 0.245833
2 0.515625 0.164583 0.175000 0.276389
2 0.043359 0.466667 0.086719 0.058333
2 0.026562 0.488194 0.053125 0.098611
2 0.041406 0.184028 0.082812 0.081944
2 0.003125 0.477778 0.006250 0.077778
