2 0.610547 0.658333 0.578906 0.680556
2 0.905078 0.653472 0.188281 0.665278
2 0.104297 0.411806 0.208594 0.823611
2 0.725781 0.256250 0.328125 0.226389
2 0.393359 0.554167 0.338281 0.461111
2 0.106641 0.541667 0.213281 0.438889
2 0.391406 0.161806 0.340625 0.323611
2 0.932422 0.530556 0.085156 0.336111
1 0.218750 0.459722 0.017188 0.044444
1 0.281641 0.371528 0.146094 0.043056
1 0.217969 0.415278 0.017188 0.044444
2 0.478125 0.350000 0.148438 0.008333
2 0.087109 0.615972 0.174219 0.587500
2 0.470313 0.611806 0.421875 0.581944
2 0.079687 0.172917 0.159375 0.345833
2 0.471094 0.171528 0.428125 0.343056
2 0.827734 0.326389 0.342969 0.458333
2 0.974609 0.327778 0.049219 0.347222
1 0.218750 0.498611 0.017188 0.036111
1 0.219141 0.538194 0.016406 0.045833
0 0.731250 0.175000 0.023438 0.008333
3 0.942969 0.247917 0.112500 0.145833
