2 0.496094 0.393750 0.048438 0.134722
1 0.580859 0.422917 0.105469 0.020833
1 0.578125 0.444444 0.103125 0.019444
2 0.753906 0.336806 0.082812 0.137500
3 0.831250 0.322222 0.184375 0.319444
1 0.624219 0.440278 0.110937 0.038889
1 0.618750 0.468750 0.114062 0.034722
1 0.477734 0.478472 0.102344 0.040278
2 0.176563 0.422222 0.040625 0.188889
2 0.862891 0.460417 0.138281 0.259722
1 0.954297 0.625000 0.089844 0.111111
2 0.788672 0.552778 0.394531 0.436111
2 0.553125 0.532639 0.289062 0.401389
2 0.792969 0.169444 0.401562 0.338889
1 0.771094 0.867361 0.454688 0.262500
1 0.750000 0.970833 0.404687 0.055556
1 0.015625 0.939583 0.031250 0.118056
1 0.338281 0.545139 0.285938 0.112500
1 0.337500 0.481944 0.306250 0.100000
