1 0.786328 0.950694 0.103906 0.095833
4 0.816406 0.926389 0.162500 0.144444
4 0.801953 0.880556 0.132031 0.141667
4 0.812109 0.834028 0.150781 0.140278
2 0.020313 0.646528 0.040625 0.195833
2 0.017969 0.495139 0.035937 0.179167
1 0.235156 0.695139 0.089063 0.062500
1 0.233594 0.646528 0.089063 0.045833
1 0.234375 0.672917 0.089063 0.045833
2 0.213672 0.760417 0.127344 0.256944
2 0.173437 0.849306 0.160938 0.298611
1 0.412891 0.758333 0.027344 0.061111
1 0.412891 0.712500 0.027344 0.047222
1 0.412500 0.679167 0.026562 0.025000
1 0.412891 0.695833 0.027344 0.044444
1 0.598047 0.854861 0.116406 0.109722
5 0.766797 0.774306 0.082031 0.168056
0 0.992969 0.671528 0.012500 0.084722
0 0.987109 0.874306 0.024219 0.101389
0 0.969141 0.822222 0.060156 0.116667
1 0.335156 0.879861 0.117188 0.062500
1 0.335547 0.813889 0.128906 0.125000
