2 0.934766 0.793750 0.128906 0.187500
1 0.965625 0.824306 0.067187 0.068056
1 0.969531 0.781250 0.059375 0.062500
1 0.969141 0.866667 0.060156 0.058333
1 0.966016 0.906944 0.066406 0.072222
1 0.969531 0.947917 0.059375 0.059722
1 0.966406 0.980556 0.065625 0.036111
1 0.724609 0.796528 0.183594 0.054167
1 0.727344 0.754861 0.181250 0.059722
1 0.724219 0.828472 0.192188 0.068056
1 0.723828 0.863194 0.182031 0.076389
1 0.723828 0.899306 0.183594 0.076389
1 0.723828 0.924306 0.183594 0.040278
2 0.628516 0.797917 0.136719 0.195833
2 0.891406 0.960417 0.215625 0.076389
2 0.203125 0.868750 0.406250 0.259722
2 0.506641 0.923611 0.203906 0.144444
2 0.062500 0.802083 0.096875 0.020833
2 0.077734 0.665972 0.155469 0.284722
2 0.452344 0.989583 0.106250 0.018056
2 0.650391 0.940278 0.349219 0.116667
0 0.053906 0.536111 0.029687 0.036111
0 0.032422 0.708333 0.057031 0.061111
3 0.291406 0.658333 0.165625 0.266667
