2 0.006250 0.929861 0.012500 0.137500
3 0.136719 0.499306 0.273438 0.998611
1 0.893359 0.933333 0.211719 0.130556
1 0.882031 0.975694 0.165625 0.045833
2 0.305469 0.700694 0.120313 0.198611
2 0.344922 0.718056 0.152344 0.233333
2 0.405078 0.740278 0.172656 0.275000
0 0.117969 0.446528 0.026562 0.023611
2 0.281250 0.611111 0.079687 0.169444
2 0.571875 0.616667 0.151562 0.208333
2 0.500000 0.690972 0.126562 0.179167
2 0.451172 0.674306 0.107031 0.145833
2 0.498828 0.513889 0.124219 0.175000
2 0.445703 0.522917 0.100781 0.156944
2 0.653516 0.725694 0.178906 0.248611
1 0.748437 0.678472 0.121875 0.029167
2 0.836719 0.693750 0.150000 0.184722
2 0.929688 0.707639 0.139063 0.212500
2 0.836328 0.516667 0.150781 0.183333
2 0.927344 0.504167 0.143750 0.211111
2 0.356641 0.679167 0.111719 0.155556
2 0.407031 0.690278 0.121875 0.177778
2 0.403906 0.510417 0.129688 0.181944
2 0.459766 0.705556 0.153906 0.208333
2 0.538672 0.732639 0.177344 0.259722
1 0.821484 0.715278 0.080469 0.033333
1 0.821875 0.735417 0.079687 0.020833
1 0.772266 0.735417 0.041406 0.023611
