1 0.725781 0.470833 0.065625 0.041667
2 0.092969 0.780556 0.185938 0.436111
2 0.342969 0.790278 0.525000 0.416667
2 0.206641 0.440278 0.325781 0.275000
2 0.006641 0.781250 0.013281 0.045833
2 0.501563 0.688889 0.304688 0.463889
2 0.426172 0.462500 0.119531 0.186111
2 0.587500 0.511111 0.192188 0.272222
2 0.386719 0.270139 0.200000 0.251389
2 0.588672 0.272917 0.194531 0.262500
2 0.147266 0.573611 0.294531 0.508333
2 0.446484 0.605556 0.397656 0.555556
1 0.438672 0.473611 0.138281 0.044444
5 0.572266 0.433333 0.022656 0.002778
0 0.983594 0.163194 0.026562 0.037500
0 0.985156 0.349306 0.028125 0.029167
1 0.610156 0.472917 0.165625 0.056944
1 0.609766 0.438889 0.160156 0.050000
