2 0.065234 0.444444 0.130469 0.147222
3 0.161719 0.436806 0.160938 0.337500
2 0.776563 0.481944 0.007812 0.005556
2 0.652344 0.468750 0.014063 0.006944
2 0.430078 0.658333 0.035156 0.019444
2 0.919141 0.541667 0.003906 0.013889
2 0.772266 0.424306 0.108594 0.109722
2 0.960156 0.565278 0.078125 0.127778
2 0.492969 0.522222 0.232813 0.294444
2 0.948047 0.673611 0.102344 0.341667
2 0.949609 0.364583 0.099219 0.343056
2 0.280469 0.621528 0.232813 0.284722
2 0.647266 0.454861 0.069531 0.034722
1 0.780469 0.927778 0.109375 0.141667
1 0.670312 0.738889 0.425000 0.177778
1 0.679297 0.828472 0.405469 0.195833
2 0.245312 0.788889 0.432812 0.419444
2 0.062891 0.788194 0.125781 0.420833
2 0.242969 0.350694 0.446875 0.562500
2 0.963281 0.632639 0.071875 0.262500
2 0.768750 0.348611 0.210938 0.261111
2 0.552734 0.422917 0.175781 0.098611
2 0.313672 0.436806 0.155469 0.129167
1 0.462500 0.904861 0.528125 0.187500
1 0.457031 0.838194 0.531250 0.320833
1 0.559375 0.936111 0.360938 0.125000
