1 0.482031 0.666667 0.132812 0.030556
2 0.071875 0.487500 0.143750 0.975000
2 0.173437 0.527778 0.346875 0.611111
2 0.098437 0.554861 0.196875 0.270833
2 0.314453 0.572222 0.241406 0.313889
2 0.315625 0.284028 0.239063 0.331944
2 0.141406 0.487500 0.282813 0.869444
1 0.325781 0.653472 0.153125 0.023611
5 0.355469 0.656250 0.018750 0.015278
0 0.767969 0.327083 0.037500 0.037500
0 0.744141 0.504861 0.041406 0.065278
1 0.355469 0.579861 0.193750 0.040278
3 0.951172 0.495139 0.096094 0.381944
1 0.356641 0.540278 0.191406 0.044444
