3 0.055469 0.931250 0.110937 0.134722
2 0.080859 0.850000 0.152344 0.288889
2 0.143750 0.877083 0.182812 0.243056
2 0.221484 0.907639 0.219531 0.181944
2 0.048047 0.706250 0.096094 0.231944
2 0.397266 0.760417 0.177344 0.273611
2 0.304688 0.805556 0.145313 0.211111
2 0.246094 0.747917 0.123438 0.081944
2 0.303906 0.606944 0.146875 0.216667
2 0.242188 0.570833 0.129688 0.169444
2 0.499609 0.876389 0.208594 0.244444
1 0.565625 0.728472 0.135937 0.059722
1 0.565625 0.677778 0.129688 0.050000
1 0.565234 0.702083 0.128906 0.056944
2 0.663281 0.769444 0.154688 0.230556
2 0.783594 0.820833 0.185938 0.266667
2 0.140625 0.723611 0.126562 0.136111
2 0.200000 0.807639 0.146875 0.215278
2 0.199609 0.623611 0.150781 0.236111
2 0.276172 0.788889 0.174219 0.300000
2 0.371875 0.838889 0.217188 0.319444
1 0.664453 0.772222 0.117969 0.058333
1 0.593359 0.754167 0.119531 0.050000
1 0.636328 0.704861 0.044531 0.029167
1 0.603906 0.727083 0.109375 0.040278
1 0.978125 0.807639 0.042188 0.043056
5 0.977734 0.672917 0.042969 0.070833
1 0.871484 0.788194 0.172656 0.081944
1 0.871094 0.762500 0.165625 0.066667
