1 0.501563 0.890278 0.260937 0.216667
1 0.511719 0.918750 0.235937 0.159722
1 0.616016 0.963194 0.041406 0.070833
2 0.887109 0.795833 0.224219 0.405556
1 0.555469 0.352778 0.093750 0.069444
2 0.001172 0.722222 0.002344 0.013889
1 0.036328 0.379861 0.072656 0.056944
2 0.097656 0.408333 0.171875 0.247222
2 0.211328 0.469444 0.182031 0.241667
2 0.201953 0.263889 0.188281 0.258333
1 0.114062 0.347222 0.092188 0.072222
1 0.114844 0.380556 0.137500 0.055556
1 0.115625 0.395139 0.135937 0.068056
1 0.030078 0.397222 0.027344 0.013889
1 0.445312 0.388889 0.129688 0.052778
5 0.438672 0.219444 0.075781 0.102778
0 0.785156 0.095833 0.037500 0.044444
0 0.781250 0.193056 0.037500 0.038889
0 0.740234 0.186806 0.044531 0.037500
0 0.735547 0.350694 0.042969 0.040278
1 0.305859 0.405556 0.149219 0.072222
3 0.929297 0.341667 0.139844 0.422222
1 0.310156 0.383333 0.150000 0.066667
