1 0.359766 0.681250 0.080469 0.054167
4 0.362500 0.647222 0.075000 0.052778
4 0.362891 0.618056 0.075781 0.055556
4 0.362109 0.581250 0.075781 0.068056
2 0.777344 0.913194 0.140625 0.170833
2 0.073828 0.904861 0.147656 0.187500
2 0.873437 0.940972 0.251563 0.115278
1 0.160938 0.969444 0.226562 0.058333
2 0.375000 0.868750 0.220312 0.212500
2 0.563672 0.823611 0.203906 0.219444
2 0.373437 0.662500 0.226562 0.333333
2 0.563672 0.618750 0.208594 0.298611
2 0.461328 0.918750 0.503906 0.159722
1 0.205469 0.990972 0.012500 0.012500
1 0.083203 0.770139 0.007031 0.015278
5 0.244531 0.623611 0.073438 0.202778
0 0.594922 0.356250 0.024219 0.034722
0 0.574609 0.500000 0.046094 0.063889
1 0.492969 0.779167 0.160938 0.066667
3 0.783594 0.477778 0.203125 0.311111
1 0.503906 0.756944 0.137500 0.050000
