2 0.685937 0.553472 0.115625 0.168056
2 0.810547 0.561111 0.119531 0.180556
2 0.688281 0.409722 0.117188 0.166667
1 0.957031 0.595833 0.084375 0.058333
1 0.957422 0.622222 0.083594 0.052778
1 0.956250 0.643750 0.085938 0.062500
3 0.993750 0.816667 0.010937 0.044444
1 0.794141 0.736806 0.116406 0.104167
1 0.549609 0.715972 0.150781 0.084722
2 0.433203 0.584028 0.117969 0.201389
2 0.898828 0.911111 0.172656 0.175000
2 0.384766 0.891667 0.311719 0.213889
2 0.211719 0.872222 0.423438 0.252778
2 0.489844 0.887500 0.220312 0.222222
2 0.062891 0.859028 0.125781 0.279167
2 0.646094 0.985417 0.159375 0.026389
2 0.682422 0.897917 0.197656 0.201389
3 0.069922 0.481944 0.139844 0.358333
