0 0.998437 0.213194 0.001563 0.015278
0 0.946094 0.267361 0.037500 0.026389
2 0.980469 0.989583 0.037500 0.018056
2 0.497656 0.797222 0.335938 0.402778
2 0.186328 0.980556 0.105469 0.036111
2 0.155078 0.731250 0.310156 0.534722
2 0.752734 0.752778 0.297656 0.136111
1 0.096484 0.737500 0.152344 0.097222
1 0.087109 0.657639 0.174219 0.079167
1 0.088281 0.697917 0.176563 0.098611
2 0.284375 0.659028 0.212500 0.301389
2 0.483984 0.638194 0.202344 0.270833
2 0.483594 0.409722 0.207813 0.288889
2 0.201953 0.778472 0.403906 0.440278
2 0.615234 0.849306 0.411719 0.298611
2 0.863281 0.811111 0.271875 0.375000
1 0.092578 0.769444 0.111719 0.041667
1 0.261328 0.536806 0.077344 0.026389
5 0.215625 0.414583 0.053125 0.084722
0 0.577734 0.172917 0.024219 0.034722
0 0.564844 0.295139 0.025000 0.012500
1 0.450000 0.568750 0.120313 0.073611
3 0.778906 0.300000 0.207813 0.313889
1 0.425781 0.538194 0.168750 0.068056
