2 0.421484 0.572222 0.122656 0.180556
2 0.534766 0.558333 0.122656 0.175000
1 0.677344 0.584722 0.117188 0.055556
1 0.676953 0.611806 0.116406 0.045833
2 0.891406 0.521528 0.143750 0.187500
3 0.897656 0.565278 0.203125 0.416667
1 0.639062 0.731944 0.123438 0.100000
1 0.421484 0.783333 0.158594 0.102778
2 0.209375 0.673611 0.104688 0.244444
2 0.966406 0.900000 0.065625 0.197222
2 0.890234 0.941667 0.217969 0.113889
2 0.773828 0.927778 0.264844 0.141667
2 0.205078 0.993750 0.047656 0.009722
2 0.895703 0.910417 0.207031 0.176389
