2 0.237500 0.684722 0.475000 0.627778
2 0.755469 0.840972 0.487500 0.315278
1 0.020703 0.422917 0.041406 0.140278
1 0.015625 0.289583 0.031250 0.106944
1 0.017969 0.350000 0.035937 0.111111
2 0.196875 0.424306 0.331250 0.490278
2 0.560547 0.404167 0.310156 0.455556
2 0.562500 0.132639 0.318750 0.265278
2 0.256641 0.895833 0.513281 0.205556
2 0.825000 0.860417 0.348438 0.276389
1 0.048438 0.429861 0.089063 0.170833
1 0.294922 0.252083 0.178906 0.059722
5 0.334766 0.051389 0.058594 0.086111
0 0.794141 0.083333 0.057031 0.061111
1 0.520703 0.295833 0.235156 0.088889
3 0.992188 0.166667 0.014063 0.008333
1 0.522266 0.234028 0.249219 0.115278
