4 0.911328 0.179861 0.038281 0.006944
2 0.721484 0.656250 0.555469 0.684722
2 0.167187 0.447222 0.334375 0.894444
2 0.943359 0.266667 0.097656 0.469444
2 0.680469 0.256250 0.364063 0.076389
2 0.295703 0.464583 0.367969 0.501389
1 0.657813 0.290972 0.150000 0.004167
1 0.635938 0.220833 0.198437 0.047222
1 0.635547 0.266667 0.197656 0.047222
2 0.866797 0.266667 0.235156 0.205556
2 0.983594 0.181944 0.006250 0.033333
2 0.198828 0.570139 0.397656 0.645833
2 0.719141 0.543750 0.480469 0.581944
2 0.989453 0.296528 0.019531 0.537500
1 0.442969 0.390278 0.006250 0.016667
1 0.460547 0.309028 0.041406 0.034722
1 0.442969 0.345833 0.006250 0.036111
1 0.740234 0.290972 0.017969 0.004167
