3 0.264844 0.482639 0.168750 0.040278
2 0.872656 0.834028 0.253125 0.329167
2 0.546484 0.692361 0.196094 0.054167
2 0.464844 0.665972 0.032813 0.001389
2 0.942578 0.613889 0.113281 0.127778
2 0.254297 0.721528 0.389844 0.537500
2 0.604297 0.838889 0.513281 0.319444
2 0.890625 0.843750 0.217188 0.309722
2 0.604688 0.362500 0.507812 0.725000
2 0.103516 0.822222 0.207031 0.308333
2 0.818359 0.668056 0.142969 0.016667
2 0.608984 0.688889 0.071094 0.061111
2 0.998047 0.711806 0.002344 0.045833
2 0.747266 0.836111 0.421094 0.325000
2 0.992188 0.379167 0.014063 0.547222
2 0.449219 0.822222 0.293750 0.300000
2 0.227734 0.956944 0.042969 0.063889
