2 0.284375 0.202083 0.064062 0.065278
2 0.100391 0.377083 0.191406 0.237500
2 0.028516 0.409722 0.057031 0.238889
2 0.163281 0.102778 0.135937 0.177778
2 0.051953 0.147917 0.103906 0.201389
2 0.350781 0.143056 0.140625 0.166667
2 0.258203 0.350694 0.203906 0.312500
2 0.396875 0.346528 0.167187 0.215278
2 0.492188 0.234028 0.145313 0.129167
2 0.396484 0.165278 0.178906 0.261111
2 0.114844 0.542361 0.229687 0.376389
1 0.767969 0.471528 0.056250 0.076389
1 0.714844 0.420833 0.170313 0.111111
1 0.728125 0.450000 0.139063 0.102778
2 0.617969 0.570833 0.215625 0.352778
2 0.442578 0.809028 0.203906 0.379167
2 0.472656 0.477083 0.282813 0.481944
2 0.426563 0.227778 0.140625 0.166667
2 0.333203 0.321528 0.127344 0.256944
2 0.172656 0.311806 0.196875 0.290278
2 0.066016 0.390972 0.132031 0.329167
1 0.873828 0.652083 0.196094 0.181944
1 0.908984 0.586111 0.180469 0.116667
1 0.910547 0.522917 0.177344 0.098611
1 0.909766 0.551389 0.178906 0.113889
1 0.664844 0.906944 0.257812 0.183333
1 0.666797 0.871528 0.278906 0.254167
