2 0.045703 0.462500 0.091406 0.005556
2 0.055859 0.644444 0.111719 0.358333
2 0.073047 0.736111 0.146094 0.525000
2 0.037109 0.404861 0.074219 0.109722
2 0.413672 0.493056 0.227344 0.347222
2 0.330469 0.595833 0.167187 0.277778
2 0.283984 0.568056 0.128906 0.227778
2 0.339062 0.327083 0.150000 0.268056
2 0.516797 0.697917 0.299219 0.459722
1 0.702734 0.564583 0.167969 0.048611
2 0.828125 0.599306 0.221875 0.284722
2 0.926172 0.631250 0.146094 0.340278
2 0.826172 0.331250 0.230469 0.281944
2 0.153906 0.561806 0.132812 0.215278
2 0.184375 0.606944 0.160938 0.297222
2 0.183594 0.324306 0.162500 0.290278
2 0.225781 0.652083 0.204687 0.376389
2 0.288281 0.725000 0.285938 0.508333
1 0.837891 0.612500 0.177344 0.052778
1 0.837109 0.644444 0.186719 0.030556
1 0.710547 0.631944 0.064844 0.041667
1 0.998047 0.614583 0.002344 0.020833
