2 0.375000 0.577778 0.021875 0.011111
2 0.249219 0.522222 0.131250 0.169444
2 0.105469 0.538194 0.176563 0.190278
2 0.239453 0.417361 0.077344 0.140278
2 0.337891 0.475694 0.132031 0.231944
2 0.671094 0.456944 0.076563 0.058333
2 0.594531 0.263194 0.042188 0.026389
2 0.193750 0.538889 0.209375 0.169444
2 0.150391 0.470139 0.128906 0.120833
2 0.045312 0.490972 0.090625 0.154167
1 0.839453 0.609028 0.138281 0.084722
1 0.825391 0.531250 0.169531 0.059722
1 0.840234 0.567361 0.138281 0.076389
2 0.739453 0.571528 0.066406 0.170833
2 0.339844 0.559028 0.126562 0.076389
2 0.424219 0.359028 0.300000 0.373611
2 0.649219 0.452778 0.035937 0.061111
2 0.394922 0.554861 0.017969 0.048611
2 0.260937 0.463889 0.073438 0.213889
2 0.142969 0.477083 0.192188 0.237500
1 0.920703 0.721528 0.028906 0.015278
1 0.951172 0.711806 0.030469 0.018056
1 0.952344 0.647917 0.029687 0.048611
1 0.951953 0.687500 0.030469 0.052778
0 0.458594 0.784028 0.917188 0.429167
