1 0.975781 0.487500 0.046875 0.061111
2 0.091797 0.929861 0.183594 0.137500
2 0.192578 0.605556 0.350781 0.513889
2 0.068750 0.548611 0.137500 0.138889
2 0.000781 0.582639 0.001563 0.037500
2 0.067187 0.340972 0.134375 0.368056
2 0.435547 0.782639 0.405469 0.431944
1 0.387891 0.485417 0.189844 0.081944
1 0.387109 0.414583 0.191406 0.065278
1 0.387500 0.450000 0.190625 0.075000
2 0.551562 0.538194 0.228125 0.312500
2 0.761719 0.594444 0.264062 0.386111
2 0.552734 0.283333 0.236719 0.302778
2 0.086719 0.677083 0.173437 0.559722
2 0.240625 0.730556 0.481250 0.536111
1 0.505078 0.493750 0.105469 0.093056
1 0.490234 0.533333 0.133594 0.080556
1 0.374219 0.507639 0.092188 0.037500
1 0.403516 0.434028 0.158594 0.026389
1 0.339062 0.486111 0.004687 0.005556
5 0.870703 0.339583 0.066406 0.045833
1 0.833594 0.532639 0.215625 0.095833
1 0.835938 0.496528 0.228125 0.087500
