2 0.407031 0.407639 0.118750 0.165278
2 0.529687 0.409722 0.114062 0.166667
2 0.530078 0.262500 0.114844 0.161111
1 0.693359 0.455556 0.122656 0.044444
1 0.691797 0.480556 0.116406 0.041667
2 0.903516 0.375694 0.128906 0.190278
3 0.844531 0.397917 0.309375 0.479167
1 0.508594 0.517361 0.112500 0.070833
1 0.509766 0.550000 0.110156 0.066667
1 0.187891 0.534722 0.027344 0.027778
2 0.130469 0.428472 0.135937 0.168056
2 0.545312 0.944444 0.364063 0.108333
2 0.564063 0.797222 0.298438 0.311111
2 0.571094 0.739583 0.207813 0.423611
2 0.083984 0.632639 0.167969 0.365278
2 0.213672 0.672222 0.102344 0.297222
2 0.293359 0.945833 0.060156 0.105556
2 0.160156 0.618750 0.320312 0.759722
2 0.242578 0.725694 0.382031 0.545833
2 0.333203 0.604167 0.242969 0.444444
