2 0.310156 0.718056 0.135937 0.172222
2 0.428125 0.720833 0.117188 0.166667
2 0.758594 0.662500 0.026562 0.105556
3 0.944531 0.715972 0.106250 0.143056
1 0.546484 0.745833 0.127344 0.033333
1 0.546875 0.779167 0.135937 0.033333
1 0.296094 0.737500 0.182812 0.038889
1 0.298828 0.776389 0.177344 0.036111
2 0.061328 0.702778 0.122656 0.227778
2 0.946094 0.742361 0.106250 0.195833
2 0.841016 0.331944 0.316406 0.663889
2 0.648438 0.627778 0.251563 0.483333
1 0.010937 0.052778 0.003125 0.105556
1 0.005859 0.145833 0.011719 0.291667
2 0.001563 0.340278 0.003125 0.097222
2 0.012500 0.538194 0.025000 0.518056
2 0.026562 0.087500 0.040625 0.175000
2 0.960156 0.413194 0.078125 0.490278
2 0.855859 0.465972 0.286719 0.448611
