1 0.884375 0.892361 0.229687 0.212500
2 0.949219 0.587500 0.100000 0.372222
0 0.974609 0.202778 0.049219 0.058333
1 0.175781 0.423611 0.110937 0.058333
4 0.176953 0.384028 0.111719 0.068056
4 0.175000 0.347222 0.112500 0.063889
4 0.173047 0.309722 0.114844 0.061111
2 0.040625 0.593750 0.081250 0.373611
1 0.114062 0.457639 0.015625 0.051389
0 0.454297 0.063889 0.036719 0.041667
0 0.454297 0.156944 0.030469 0.055556
0 0.409375 0.159722 0.042188 0.052778
0 0.412891 0.340972 0.042969 0.054167
1 0.053516 0.505556 0.107031 0.091667
3 0.733984 0.243750 0.296094 0.404167
1 0.055859 0.461111 0.111719 0.097222
