1 0.225000 0.822222 0.396875 0.111111
1 0.220703 0.915278 0.366406 0.113889
1 0.527734 0.818750 0.016406 0.040278
2 0.762500 0.725694 0.223438 0.304167
4 0.350781 0.757639 0.117188 0.026389
4 0.351172 0.729167 0.116406 0.030556
4 0.351172 0.700694 0.116406 0.031944
2 0.070703 0.722222 0.141406 0.205556
5 0.247656 0.709028 0.065625 0.118056
0 0.570312 0.502778 0.028125 0.033333
0 0.571094 0.588194 0.028125 0.023611
0 0.534375 0.590278 0.037500 0.022222
0 0.537500 0.742361 0.035937 0.023611
1 0.175000 0.727778 0.071875 0.027778
3 0.827344 0.629167 0.251563 0.375000
1 0.178125 0.697917 0.076563 0.031944
