1 0.969922 0.533333 0.058594 0.041667
4 0.973828 0.497917 0.050781 0.045833
4 0.974219 0.461111 0.050000 0.044444
4 0.974609 0.421528 0.049219 0.048611
2 0.049219 0.738889 0.098437 0.455556
2 0.207813 0.472917 0.220312 0.309722
2 0.095312 0.534722 0.156250 0.275000
2 0.059766 0.484722 0.117969 0.208333
2 0.328906 0.651389 0.254688 0.400000
1 0.401172 0.470833 0.097656 0.044444
2 0.535156 0.504861 0.176563 0.243056
2 0.673828 0.543056 0.211719 0.280556
2 0.534375 0.300694 0.184375 0.226389
2 0.678516 0.311111 0.210156 0.258333
2 0.034375 0.547222 0.068750 0.255556
2 0.030859 0.306944 0.061719 0.252778
2 0.083984 0.622917 0.167969 0.368056
2 0.162891 0.704167 0.283594 0.458333
1 0.421094 0.522917 0.048438 0.029167
1 0.845313 0.532639 0.153125 0.043056
5 0.923828 0.439583 0.011719 0.145833
1 0.769141 0.509028 0.182031 0.070833
1 0.769531 0.480556 0.181250 0.058333
