1 0.807422 0.690972 0.221094 0.084722
4 0.808984 0.630556 0.222656 0.091667
4 0.809766 0.568750 0.222656 0.079167
4 0.809766 0.509722 0.222656 0.072222
1 0.050781 0.535417 0.101562 0.043056
2 0.047266 0.556944 0.094531 0.277778
2 0.037109 0.582639 0.074219 0.351389
2 0.046875 0.288889 0.093750 0.286111
2 0.036328 0.246528 0.072656 0.362500
1 0.205859 0.618750 0.160156 0.040278
1 0.203516 0.599306 0.097656 0.004167
1 0.537891 0.649306 0.172656 0.070833
5 0.708594 0.534028 0.131250 0.268056
1 0.202734 0.571528 0.161719 0.068056
1 0.202734 0.522222 0.175781 0.061111
