1 0.446875 0.529167 0.010937 0.008333
2 0.499609 0.499306 0.999219 0.998611
2 0.576172 0.322917 0.169531 0.595833
2 0.239063 0.565278 0.478125 0.788889
2 0.237109 0.130556 0.474219 0.261111
1 0.124219 0.489583 0.248438 0.065278
1 0.127734 0.365278 0.255469 0.063889
1 0.127734 0.428472 0.255469 0.062500
2 0.398828 0.476389 0.269531 0.336111
2 0.671484 0.582639 0.217969 0.076389
2 0.367969 0.526389 0.735938 0.944444
2 0.826953 0.369444 0.344531 0.738889
1 0.134375 0.605556 0.142187 0.075000
1 0.003125 0.492361 0.004687 0.018056
1 0.434766 0.531944 0.102344 0.038889
5 0.312891 0.450694 0.060156 0.123611
1 0.486719 0.463194 0.004687 0.026389
1 0.486719 0.428472 0.004687 0.040278
