0 0.990625 0.343056 0.017188 0.022222
0 0.913672 0.400000 0.041406 0.027778
1 0.230859 0.750694 0.032031 0.059722
4 0.233984 0.706944 0.022656 0.055556
4 0.233203 0.665972 0.022656 0.054167
4 0.303906 0.611111 0.167187 0.088889
2 0.422656 0.979167 0.345313 0.038889
2 0.657031 0.913194 0.284375 0.170833
2 0.421094 0.771528 0.357812 0.454167
2 0.661719 0.711806 0.295312 0.459722
1 0.105469 0.945833 0.210938 0.105556
5 0.121094 0.684028 0.082812 0.134722
0 0.542969 0.319444 0.035937 0.044444
0 0.523047 0.490972 0.064844 0.070833
1 0.605469 0.904167 0.018750 0.019444
3 0.748437 0.456250 0.207813 0.373611
