2 0.161328 0.672222 0.300781 0.477778
2 0.395703 0.759722 0.339844 0.477778
2 0.694922 0.811806 0.397656 0.373611
2 0.050781 0.434722 0.101562 0.341667
2 0.604297 0.418750 0.261719 0.323611
2 0.374609 0.345833 0.099219 0.061111
2 0.236328 0.338194 0.210156 0.054167
2 0.231250 0.203472 0.226562 0.287500
2 0.849609 0.667361 0.277344 0.476389
1 0.597266 0.329167 0.149219 0.061111
1 0.604688 0.277083 0.171875 0.062500
1 0.595313 0.306250 0.154688 0.070833
2 0.764453 0.365278 0.186719 0.266667
2 0.923438 0.430556 0.151562 0.275000
2 0.929297 0.184028 0.139844 0.262500
2 0.110547 0.488889 0.221094 0.352778
2 0.289062 0.594444 0.257812 0.358333
2 0.280078 0.297222 0.271094 0.380556
2 0.514062 0.540278 0.298438 0.463889
2 0.793750 0.649306 0.351562 0.554167
1 0.662109 0.367361 0.017969 0.034722
1 0.948047 0.362500 0.102344 0.066667
1 0.949219 0.333333 0.100000 0.058333
