2 0.003125 0.756944 0.006250 0.169444
1 0.058984 0.787500 0.116406 0.038889
1 0.058594 0.815972 0.117188 0.040278
1 0.046094 0.845833 0.092188 0.041667
2 0.291016 0.688194 0.135156 0.165278
3 0.431250 0.673611 0.128125 0.372222
1 0.294531 0.864583 0.159375 0.056944
1 0.194531 0.822222 0.206250 0.069444
1 0.193359 0.869444 0.208594 0.077778
1 0.192578 0.918056 0.208594 0.086111
2 0.994531 0.731250 0.007812 0.106944
2 0.896094 0.788194 0.193750 0.237500
2 0.924219 0.819444 0.150000 0.311111
2 0.942969 0.740972 0.087500 0.123611
2 0.832422 0.761111 0.136719 0.172222
2 0.909766 0.802083 0.178906 0.270833
