2 0.404687 0.906944 0.339062 0.183333
2 0.195703 0.990278 0.007031 0.016667
2 0.097266 0.812500 0.194531 0.372222
2 0.735938 0.976389 0.290625 0.044444
1 0.178906 0.781944 0.206250 0.116667
2 0.394922 0.734028 0.196094 0.240278
2 0.622656 0.765278 0.201563 0.305556
2 0.626172 0.534028 0.208594 0.306944
2 0.068750 0.888194 0.137500 0.220833
1 0.285156 0.725000 0.026562 0.116667
1 0.244531 0.765278 0.109375 0.125000
1 0.050781 0.832639 0.050000 0.012500
1 0.456641 0.618056 0.116406 0.050000
5 0.458594 0.443750 0.057813 0.131944
0 0.864453 0.244444 0.027344 0.038889
0 0.835547 0.403472 0.057031 0.068056
1 0.596875 0.670139 0.165625 0.087500
3 0.984766 0.568750 0.028906 0.034722
1 0.596875 0.637500 0.164062 0.086111
