1 0.996484 0.836111 0.005469 0.030556
4 0.997656 0.797917 0.003125 0.037500
4 0.997656 0.759722 0.003125 0.036111
4 0.997266 0.722222 0.003906 0.036111
2 0.018359 0.732639 0.036719 0.040278
2 0.100781 0.859028 0.201563 0.279167
2 0.333984 0.570833 0.097656 0.008333
2 0.066406 0.715972 0.071875 0.070833
2 0.050781 0.713889 0.101562 0.077778
2 0.421484 0.854167 0.296094 0.288889
1 0.479297 0.704861 0.114844 0.029167
1 0.525000 0.731250 0.023438 0.004167
2 0.585938 0.797917 0.192188 0.251389
2 0.751953 0.823611 0.225781 0.288889
2 0.586328 0.570139 0.191406 0.240278
2 0.749609 0.562500 0.224219 0.275000
2 0.047656 0.719444 0.095312 0.066667
2 0.049219 0.551389 0.098437 0.288889
2 0.107813 0.653472 0.215625 0.198611
2 0.260156 0.767361 0.325000 0.462500
1 0.601953 0.831250 0.071094 0.040278
1 0.719141 0.811806 0.108594 0.034722
5 0.925000 0.761806 0.056250 0.145833
1 0.837109 0.798611 0.194531 0.052778
1 0.837891 0.761111 0.205469 0.052778
