1 0.030469 0.427778 0.060937 0.058333
2 0.206641 0.296528 0.125781 0.170833
3 0.280859 0.325000 0.213281 0.394444
1 0.049609 0.549306 0.099219 0.095833
2 0.892969 0.709722 0.212500 0.344444
2 0.671484 0.656944 0.214844 0.341667
2 0.492578 0.597917 0.199219 0.304167
2 0.935937 0.427778 0.126562 0.247222
2 0.540234 0.723611 0.280469 0.450000
2 0.833203 0.848611 0.311719 0.300000
2 0.996875 0.954167 0.004687 0.088889
2 0.332031 0.759722 0.251563 0.405556
2 0.800781 0.468056 0.156250 0.222222
2 0.661328 0.445139 0.150781 0.220833
2 0.184375 0.800000 0.368750 0.397222
2 0.030078 0.790972 0.060156 0.415278
2 0.868750 0.804167 0.260937 0.388889
2 0.618750 0.745139 0.242188 0.398611
2 0.418359 0.647917 0.222656 0.301389
