3 0.014844 0.421528 0.029687 0.465278
2 0.925781 0.606250 0.075000 0.156944
2 0.789844 0.605556 0.253125 0.163889
2 0.558594 0.533333 0.243750 0.322222
2 0.891797 0.537500 0.022656 0.019444
2 0.747266 0.460417 0.088281 0.187500
2 0.908594 0.324306 0.181250 0.440278
2 0.701562 0.506250 0.367188 0.473611
2 0.623828 0.582639 0.160156 0.118056
2 0.464062 0.553472 0.157812 0.212500
2 0.979688 0.459722 0.039062 0.919444
2 0.998437 0.599306 0.001563 0.048611
2 0.864844 0.373611 0.268750 0.363889
2 0.613672 0.361806 0.289844 0.387500
