2 0.335938 0.413889 0.148438 0.200000
2 0.442969 0.387500 0.137500 0.183333
2 0.333203 0.249306 0.150781 0.193056
2 0.441406 0.234722 0.140625 0.177778
1 0.533984 0.420139 0.044531 0.045833
2 0.789062 0.304167 0.135937 0.172222
3 0.881250 0.327083 0.214062 0.395833
1 0.648438 0.491667 0.148438 0.086111
1 0.648438 0.525694 0.148438 0.079167
1 0.485938 0.568056 0.192188 0.116667
1 0.506641 0.606944 0.138281 0.108333
2 0.193359 0.534028 0.180469 0.293056
2 0.991406 0.684722 0.015625 0.225000
2 0.805859 0.918056 0.386719 0.161111
2 0.807031 0.668750 0.384375 0.659722
