2 0.942578 0.925694 0.113281 0.145833
1 0.371875 0.997917 0.012500 0.001389
2 0.729297 0.895139 0.230469 0.206944
1 0.409375 0.697917 0.114062 0.040278
4 0.410938 0.670139 0.112500 0.045833
4 0.410938 0.641667 0.112500 0.044444
4 0.410938 0.609028 0.112500 0.054167
2 0.034766 0.736111 0.069531 0.216667
2 0.099609 0.762500 0.172656 0.238889
1 0.002344 0.731944 0.001563 0.041667
1 0.128906 0.679861 0.035937 0.020833
5 0.313281 0.609722 0.070312 0.155556
0 0.619922 0.443750 0.033594 0.034722
0 0.625000 0.608333 0.018750 0.030556
1 0.188281 0.722222 0.151562 0.063889
3 0.842578 0.639583 0.296094 0.390278
1 0.187500 0.698611 0.145313 0.050000
