1 0.419141 0.287500 0.039844 0.052778
4 0.420312 0.254167 0.035937 0.061111
4 0.419922 0.221528 0.036719 0.056944
4 0.419531 0.186806 0.035937 0.062500
2 0.600000 0.720139 0.376563 0.556944
2 0.222266 0.885417 0.308594 0.098611
2 0.188672 0.620833 0.377344 0.666667
2 0.852734 0.765972 0.292969 0.465278
2 0.413672 0.474306 0.146094 0.312500
2 0.591016 0.452778 0.219531 0.330556
2 0.235156 0.705556 0.470313 0.586111
2 0.715625 0.883333 0.468750 0.230556
2 0.916797 0.851389 0.164844 0.294444
1 0.350391 0.354167 0.005469 0.011111
5 0.314063 0.134722 0.070312 0.038889
0 0.698438 0.040972 0.035937 0.031944
0 0.662891 0.044444 0.041406 0.030556
0 0.660156 0.200000 0.040625 0.033333
1 0.457813 0.373611 0.035937 0.052778
3 0.900000 0.133333 0.198437 0.266667
1 0.458594 0.347917 0.046875 0.084722
