1 0.906641 0.684028 0.182031 0.104167
4 0.909375 0.642361 0.179688 0.109722
4 0.910156 0.599306 0.178125 0.104167
4 0.910547 0.550694 0.177344 0.115278
1 0.225000 0.525000 0.082812 0.077778
1 0.211719 0.465972 0.053125 0.068056
1 0.242578 0.495833 0.113281 0.072222
2 0.280859 0.596528 0.147656 0.273611
2 0.333203 0.688889 0.171094 0.333333
2 0.278906 0.381944 0.145313 0.258333
2 0.328906 0.438194 0.175000 0.312500
1 0.362500 0.550000 0.095312 0.077778
1 0.369922 0.593056 0.121094 0.052778
1 0.387500 0.493056 0.045312 0.030556
1 0.393359 0.504167 0.033594 0.019444
1 0.626953 0.585417 0.099219 0.051389
5 0.798438 0.529861 0.081250 0.173611
1 0.491406 0.648611 0.175000 0.119444
1 0.490625 0.613889 0.164062 0.102778
