2 0.009766 0.385417 0.019531 0.218056
2 0.313281 0.508333 0.007812 0.080556
3 0.407422 0.445139 0.121094 0.309722
1 0.463672 0.627778 0.055469 0.055556
1 0.478125 0.671528 0.017188 0.031944
1 0.489063 0.740972 0.039062 0.106944
2 0.377734 0.763889 0.185156 0.388889
2 0.944922 0.528472 0.108594 0.137500
2 0.847656 0.558333 0.154688 0.186111
2 0.974219 0.445139 0.050000 0.129167
2 0.913672 0.434028 0.075781 0.104167
2 0.947656 0.598611 0.103125 0.227778
2 0.785547 0.507639 0.089844 0.140278
2 0.704297 0.511806 0.114844 0.145833
2 0.978906 0.556944 0.040625 0.169444
2 0.913672 0.565972 0.171094 0.187500
3 0.499609 0.499306 0.999219 0.998611
