2 0.700000 0.921528 0.598437 0.154167
1 0.496484 0.770139 0.166406 0.059722
4 0.498828 0.727083 0.166406 0.065278
4 0.498828 0.683333 0.166406 0.061111
4 0.498828 0.638194 0.166406 0.068056
2 0.005859 0.777083 0.011719 0.306944
2 0.005469 0.477778 0.010937 0.294444
1 0.205469 0.732639 0.112500 0.040278
5 0.380859 0.668750 0.077344 0.165278
0 0.803125 0.346528 0.059375 0.056944
0 0.803906 0.492361 0.059375 0.040278
0 0.744141 0.491667 0.061719 0.038889
0 0.747656 0.738194 0.065625 0.051389
1 0.092188 0.743056 0.184375 0.077778
3 0.980469 0.900000 0.037500 0.019444
1 0.095703 0.706250 0.191406 0.068056
