2 0.587500 0.490972 0.217188 0.145833
2 0.494531 0.727083 0.317188 0.543056
2 0.306641 0.759028 0.542969 0.479167
2 0.189844 0.415972 0.209375 0.265278
2 0.078125 0.451389 0.156250 0.344444
0 0.455078 0.144444 0.061719 0.061111
2 0.645312 0.426389 0.150000 0.250000
2 0.985547 0.547917 0.027344 0.490278
2 0.965625 0.635417 0.067187 0.398611
2 0.950391 0.461806 0.097656 0.115278
2 0.962891 0.254167 0.072656 0.416667
2 0.810547 0.456944 0.155469 0.116667
2 0.812891 0.624306 0.194531 0.401389
2 0.814844 0.265972 0.162500 0.309722
2 0.792578 0.568056 0.325781 0.530556
2 0.749219 0.625000 0.500000 0.747222
