1 0.996484 0.585417 0.005469 0.034722
4 0.998828 0.558333 0.000781 0.013889
2 0.068750 0.562500 0.137500 0.377778
2 0.019922 0.400694 0.028906 0.009722
2 0.031250 0.290278 0.062500 0.222222
2 0.113281 0.783333 0.226562 0.430556
1 0.390625 0.488194 0.137500 0.079167
1 0.384375 0.425000 0.126562 0.072222
1 0.389453 0.456944 0.135156 0.075000
2 0.472266 0.561806 0.182031 0.290278
2 0.586328 0.647222 0.216406 0.372222
2 0.475000 0.335417 0.181250 0.279167
1 0.521875 0.535417 0.154688 0.087500
1 0.477344 0.509722 0.121875 0.050000
1 0.510938 0.454861 0.054688 0.023611
1 0.483203 0.477778 0.110156 0.058333
1 0.861719 0.565972 0.064062 0.051389
5 0.948828 0.465972 0.082031 0.173611
1 0.723828 0.605556 0.197656 0.113889
1 0.725391 0.568750 0.211719 0.115278
