2 0.978516 0.699306 0.041406 0.118056
0 0.787500 0.545139 0.025000 0.006944
0 0.709375 0.622222 0.037500 0.008333
1 0.079687 0.843750 0.159375 0.045833
2 0.791406 0.473611 0.415625 0.947222
2 0.482422 0.499306 0.964844 0.998611
2 0.471094 0.202778 0.942187 0.405556
2 0.947266 0.745833 0.103906 0.505556
2 0.136328 0.761806 0.272656 0.473611
2 0.406641 0.775000 0.308594 0.413889
2 0.138281 0.356944 0.276562 0.455556
2 0.410938 0.418750 0.309375 0.373611
2 0.633594 0.499306 0.731250 0.998611
0 0.346484 0.477083 0.011719 0.037500
1 0.204687 0.763889 0.096875 0.055556
3 0.586719 0.656944 0.134375 0.330556
1 0.205469 0.714583 0.096875 0.043056
