2 0.420703 0.752083 0.061719 0.295833
2 0.541406 0.761806 0.225000 0.381944
2 0.636328 0.756944 0.335156 0.483333
2 0.034375 0.635417 0.068750 0.251389
2 0.016406 0.631250 0.032813 0.276389
0 0.228125 0.425694 0.050000 0.051389
2 0.427734 0.642361 0.133594 0.237500
2 0.875781 0.610417 0.246875 0.340278
2 0.746875 0.742361 0.181250 0.256944
2 0.701562 0.775000 0.098437 0.105556
2 0.744922 0.485417 0.183594 0.256944
2 0.670703 0.506944 0.153906 0.188889
2 0.941406 0.752083 0.115625 0.393056
2 0.682422 0.750000 0.060156 0.277778
2 0.717187 0.606250 0.237500 0.356944
2 0.844531 0.566667 0.309375 0.477778
