2 0.910547 0.397917 0.153906 0.204167
2 0.988672 0.409722 0.021094 0.180556
2 0.992188 0.233333 0.014063 0.191667
1 0.930078 0.583333 0.138281 0.111111
1 0.721094 0.527778 0.082812 0.075000
2 0.598047 0.345833 0.138281 0.102778
0 0.482422 0.165278 0.035156 0.011111
0 0.419141 0.226389 0.033594 0.013889
2 0.092188 0.968056 0.184375 0.061111
2 0.487109 0.836111 0.541406 0.325000
2 0.739062 0.773611 0.365625 0.450000
2 0.137109 0.669444 0.274219 0.588889
2 0.347266 0.675000 0.157031 0.344444
2 0.058203 0.411111 0.091406 0.041667
2 0.022266 0.950000 0.044531 0.097222
2 0.017969 0.567361 0.035937 0.779167
2 0.243750 0.703472 0.487500 0.590278
2 0.512109 0.620833 0.349219 0.547222
0 0.040234 0.131944 0.030469 0.036111
0 0.042578 0.225000 0.041406 0.027778
0 0.016016 0.227778 0.024219 0.027778
0 0.023828 0.390972 0.024219 0.031944
3 0.272266 0.267361 0.188281 0.304167
