3 0.235156 0.784028 0.470313 0.429167
2 0.485547 0.572222 0.114844 0.205556
2 0.530078 0.649306 0.136719 0.265278
2 0.585938 0.734028 0.165625 0.320833
2 0.147266 0.467361 0.100781 0.168056
2 0.135156 0.537500 0.109375 0.230556
0 0.299219 0.293750 0.034375 0.026389
2 0.444141 0.461111 0.103906 0.186111
2 0.743750 0.493750 0.151562 0.143056
2 0.638281 0.522917 0.059375 0.126389
2 0.601172 0.502083 0.067969 0.145833
2 0.673047 0.398611 0.127344 0.191667
2 0.623047 0.370139 0.110156 0.165278
2 0.826172 0.696528 0.183594 0.295833
2 0.151172 0.673611 0.082031 0.250000
2 0.148828 0.788194 0.064844 0.343056
1 0.922656 0.530556 0.135937 0.061111
1 0.924219 0.482639 0.129688 0.054167
1 0.923047 0.506250 0.128906 0.056944
2 0.964063 0.567361 0.070312 0.193056
2 0.534766 0.513889 0.100781 0.163889
2 0.577734 0.531944 0.111719 0.127778
2 0.535547 0.373611 0.103906 0.172222
2 0.583203 0.406250 0.121094 0.198611
2 0.636719 0.513889 0.148438 0.169444
2 0.717187 0.620833 0.175000 0.297222
1 0.985156 0.499306 0.028125 0.031944
1 0.989844 0.468056 0.018750 0.044444
1 0.984766 0.523611 0.028906 0.033333
1 0.994531 0.550000 0.009375 0.036111
1 0.977734 0.567361 0.042969 0.031944
1 0.976172 0.590278 0.042969 0.036111
1 0.914844 0.565972 0.042188 0.031944
1 0.907031 0.536806 0.007812 0.004167
