2 0.171875 0.804861 0.343750 0.387500
2 0.642578 0.802778 0.435156 0.391667
2 0.912109 0.802083 0.174219 0.393056
2 0.562891 0.542361 0.274219 0.393056
2 0.225000 0.674306 0.287500 0.376389
2 0.053125 0.733333 0.106250 0.327778
2 0.217578 0.331944 0.294531 0.344444
2 0.049219 0.323611 0.098437 0.316667
2 0.848437 0.683333 0.301563 0.402778
1 0.375000 0.520833 0.037500 0.063889
2 0.420703 0.525694 0.013281 0.251389
2 0.743359 0.503472 0.092969 0.206944
2 0.699609 0.304167 0.188281 0.238889
2 0.178906 0.767361 0.357812 0.462500
2 0.176953 0.378472 0.353906 0.473611
2 0.584766 0.765972 0.333594 0.465278
2 0.873437 0.763889 0.251563 0.469444
1 0.362109 0.571528 0.050781 0.062500
1 0.212891 0.589583 0.117969 0.043056
5 0.524609 0.346528 0.055469 0.037500
0 0.896094 0.197917 0.034375 0.031944
0 0.897656 0.360417 0.020313 0.026389
1 0.723047 0.487500 0.050781 0.044444
1 0.720703 0.461806 0.046094 0.031944
