1 0.968750 0.847222 0.060937 0.075000
1 0.973047 0.898611 0.052344 0.061111
1 0.969531 0.951389 0.059375 0.077778
1 0.769531 0.790972 0.209375 0.073611
1 0.770312 0.831250 0.212500 0.076389
1 0.770312 0.872222 0.212500 0.083333
2 0.767969 0.738194 0.175000 0.198611
0 0.711328 0.519444 0.036719 0.008333
0 0.656250 0.588889 0.034375 0.008333
4 0.020703 0.730556 0.000781 0.002778
2 0.273438 0.857639 0.517188 0.281944
2 0.139063 0.851389 0.278125 0.294444
2 0.021875 0.779861 0.043750 0.254167
2 0.058203 0.527083 0.116406 0.240278
2 0.191406 0.746528 0.382812 0.504167
0 0.269141 0.483333 0.022656 0.033333
0 0.247656 0.623611 0.039062 0.036111
3 0.489063 0.625000 0.215625 0.302778
1 0.010547 0.734722 0.019531 0.008333
