2 0.088281 0.556250 0.176563 0.323611
2 0.066797 0.609722 0.110156 0.252778
2 0.044531 0.550694 0.065625 0.126389
2 0.064844 0.375694 0.129688 0.237500
2 0.148828 0.754861 0.219531 0.437500
1 0.378125 0.561806 0.071875 0.054167
1 0.411719 0.497917 0.140625 0.048611
1 0.378125 0.529861 0.071875 0.051389
2 0.500000 0.601389 0.176563 0.269444
2 0.613281 0.656250 0.225000 0.318056
2 0.618359 0.393750 0.219531 0.290278
2 0.021875 0.627778 0.043750 0.416667
1 0.594531 0.602083 0.014063 0.006944
1 0.411328 0.597222 0.002344 0.016667
1 0.844531 0.619444 0.057813 0.033333
5 0.955078 0.556250 0.080469 0.165278
1 0.748828 0.620833 0.197656 0.083333
1 0.750000 0.586111 0.210938 0.077778
