1 0.401172 0.902778 0.202344 0.191667
1 0.426953 0.925000 0.150781 0.147222
1 0.446484 0.958333 0.014844 0.055556
2 0.704297 0.743750 0.208594 0.345833
1 0.214062 0.446528 0.123438 0.051389
4 0.215234 0.417361 0.122656 0.056944
4 0.214453 0.386806 0.122656 0.054167
4 0.213281 0.356250 0.123438 0.059722
2 0.014063 0.579861 0.028125 0.212500
1 0.096875 0.469444 0.020313 0.041667
5 0.104688 0.363194 0.053125 0.173611
0 0.445703 0.169444 0.022656 0.038889
0 0.453906 0.338889 0.017188 0.030556
1 0.055859 0.531250 0.074219 0.079167
3 0.678906 0.347917 0.273438 0.370833
1 0.053125 0.502083 0.070312 0.070833
