1 0.991406 0.582639 0.015625 0.043056
2 0.969922 0.438889 0.058594 0.186111
0 0.910547 0.188889 0.038281 0.030556
0 0.842578 0.245833 0.035156 0.033333
2 0.421094 0.945833 0.353125 0.105556
2 0.794531 0.873611 0.409375 0.250000
2 0.950000 0.781944 0.098437 0.172222
2 0.493750 0.674306 0.331250 0.493056
2 0.168359 0.858333 0.336719 0.280556
2 0.165625 0.545833 0.331250 0.558333
2 0.727734 0.645139 0.291406 0.218056
1 0.048828 0.611111 0.096094 0.025000
1 0.063672 0.559722 0.127344 0.069444
1 0.064453 0.597222 0.128906 0.083333
2 0.238672 0.605556 0.222656 0.308333
2 0.435937 0.534028 0.196875 0.226389
2 0.233984 0.352778 0.228906 0.297222
2 0.431641 0.329861 0.207031 0.268056
2 0.232422 0.870139 0.464844 0.256944
2 0.629687 0.740278 0.401562 0.516667
2 0.857812 0.640278 0.282813 0.416667
1 0.278125 0.515278 0.035937 0.027778
5 0.133594 0.434028 0.050000 0.148611
0 0.495312 0.162500 0.031250 0.033333
0 0.496484 0.235417 0.028906 0.043056
0 0.463672 0.238194 0.038281 0.040278
0 0.466016 0.372917 0.036719 0.026389
1 0.368359 0.501389 0.169531 0.072222
3 0.684766 0.290278 0.200781 0.297222
1 0.367969 0.475694 0.179688 0.056944
