1 0.612500 0.497222 0.064062 0.025000
4 0.613672 0.463194 0.066406 0.034722
4 0.617188 0.429167 0.059375 0.033333
4 0.615234 0.397917 0.063281 0.034722
2 0.044141 0.310417 0.088281 0.595833
2 0.281250 0.358333 0.562500 0.716667
2 0.139453 0.211111 0.278906 0.422222
2 0.419922 0.378472 0.311719 0.409722
1 0.142187 0.403472 0.040625 0.026389
2 0.282813 0.405556 0.195312 0.213889
2 0.485547 0.411111 0.191406 0.261111
2 0.279297 0.168750 0.203906 0.259722
2 0.485547 0.163194 0.191406 0.270833
2 0.098047 0.325694 0.196094 0.462500
2 0.369531 0.358333 0.406250 0.555556
1 0.144141 0.507639 0.042969 0.034722
1 0.329297 0.484028 0.122656 0.026389
0 0.857812 0.365972 0.018750 0.026389
0 0.851172 0.186806 0.035156 0.034722
1 0.584375 0.418056 0.006250 0.036111
3 0.985547 0.505556 0.027344 0.005556
1 0.582422 0.384028 0.002344 0.031944
