3 0.142969 0.655556 0.281250 0.602778
1 0.351172 0.990278 0.050781 0.016667
2 0.878125 0.575694 0.132812 0.209722
2 0.797266 0.622222 0.150781 0.236111
2 0.705859 0.677778 0.172656 0.275000
2 0.712109 0.420139 0.110156 0.154167
2 0.624609 0.447917 0.121094 0.170833
0 0.864062 0.283333 0.037500 0.041667
2 0.941406 0.472222 0.115625 0.186111
2 0.966797 0.596528 0.064844 0.243056
2 0.921875 0.766667 0.154688 0.330556
2 0.542578 0.536111 0.130469 0.191667
2 0.458594 0.570833 0.123438 0.211111
2 0.985938 0.538889 0.026562 0.111111
2 0.948047 0.606250 0.102344 0.231944
2 0.902344 0.658333 0.159375 0.261111
2 0.814844 0.720139 0.185938 0.301389
