1 0.884375 0.561111 0.137500 0.063889
4 0.887109 0.522222 0.141406 0.077778
4 0.889453 0.483333 0.142969 0.075000
4 0.891406 0.436111 0.143750 0.100000
2 0.135547 0.838194 0.271094 0.320833
2 0.303516 0.973611 0.078906 0.050000
1 0.260937 0.651389 0.212500 0.111111
1 0.255469 0.585417 0.201563 0.084722
1 0.258984 0.615278 0.205469 0.102778
2 0.432812 0.729167 0.229687 0.316667
2 0.649219 0.809028 0.248438 0.365278
2 0.431641 0.459722 0.239844 0.352778
2 0.655078 0.518750 0.258594 0.395833
2 0.038672 0.958333 0.077344 0.080556
2 0.141016 0.992361 0.032031 0.012500
1 0.396094 0.625000 0.112500 0.105556
1 0.385937 0.643056 0.140625 0.127778
1 0.229687 0.654861 0.078125 0.031944
1 0.552344 0.536111 0.117188 0.044444
5 0.710156 0.402083 0.032813 0.084722
1 0.708594 0.688194 0.212500 0.115278
1 0.774219 0.650000 0.075000 0.102778
