1 0.508594 0.515278 0.096875 0.033333
4 0.526953 0.483333 0.058594 0.038889
4 0.528906 0.450694 0.054688 0.037500
4 0.528125 0.419444 0.056250 0.036111
2 0.150781 0.686806 0.301563 0.623611
2 0.053516 0.381250 0.105469 0.376389
2 0.233984 0.587500 0.333594 0.430556
2 0.108594 0.561111 0.114062 0.008333
2 0.388281 0.500000 0.143750 0.258333
2 0.152734 0.225000 0.216406 0.202778
2 0.359375 0.250694 0.200000 0.262500
2 0.001563 0.278472 0.003125 0.179167
2 0.185938 0.413889 0.371875 0.552778
1 0.046094 0.565972 0.007812 0.001389
1 0.435547 0.518056 0.127344 0.036111
5 0.351172 0.460417 0.003906 0.045833
0 0.757812 0.210417 0.031250 0.034722
0 0.734375 0.373611 0.054688 0.058333
1 0.399609 0.479861 0.149219 0.040278
3 0.939453 0.364583 0.119531 0.359722
1 0.397266 0.445833 0.152344 0.038889
