1 0.655859 0.447222 0.128906 0.066667
2 0.041797 0.668056 0.083594 0.369444
2 0.164062 0.827083 0.328125 0.343056
1 0.087500 0.518056 0.175000 0.077778
1 0.085938 0.452778 0.171875 0.061111
1 0.086719 0.483333 0.173437 0.075000
2 0.235937 0.543750 0.214062 0.301389
2 0.421094 0.580556 0.217188 0.325000
2 0.101172 0.802778 0.202344 0.391667
1 0.220312 0.472222 0.098437 0.094444
1 0.209766 0.504167 0.119531 0.086111
1 0.180859 0.537500 0.130469 0.088889
1 0.057422 0.536806 0.083594 0.040278
1 0.013672 0.478472 0.003906 0.001389
1 0.033594 0.519444 0.003125 0.005556
1 0.382812 0.461806 0.029687 0.031944
5 0.521484 0.329167 0.057031 0.069444
0 0.960156 0.140278 0.039062 0.044444
0 0.953906 0.234722 0.031250 0.058333
0 0.905469 0.234028 0.046875 0.051389
0 0.898438 0.415278 0.045312 0.052778
1 0.485547 0.516667 0.177344 0.075000
1 0.485938 0.482639 0.187500 0.079167
