4 0.991016 0.429861 0.016406 0.768056
4 0.990625 0.024306 0.017188 0.048611
2 0.288281 0.613889 0.003125 0.016667
2 0.083984 0.547222 0.139844 0.230556
2 0.280859 0.549306 0.017969 0.020833
2 0.556641 0.602083 0.160156 0.126389
2 0.732812 0.537500 0.123438 0.200000
2 0.727344 0.350694 0.129688 0.215278
2 0.160938 0.531944 0.221875 0.291667
2 0.060937 0.563194 0.121875 0.170833
1 0.848047 0.515278 0.269531 0.061111
1 0.846875 0.408333 0.268750 0.072222
1 0.847656 0.461806 0.268750 0.068056
2 0.633203 0.509722 0.313281 0.391667
2 0.382031 0.629167 0.257812 0.183333
2 0.714063 0.540278 0.037500 0.150000
2 0.691016 0.450694 0.030469 0.012500
2 0.092188 0.431944 0.128125 0.261111
1 0.926172 0.602083 0.127344 0.062500
1 0.927734 0.651389 0.124219 0.036111
1 0.573438 0.458333 0.195312 0.094444
1 0.462891 0.363889 0.439844 0.127778
