1 0.884766 0.711806 0.141406 0.073611
4 0.885156 0.672917 0.140625 0.076389
4 0.886328 0.634028 0.141406 0.073611
4 0.887891 0.584722 0.141406 0.094444
2 0.111719 0.898611 0.223438 0.200000
1 0.228516 0.800694 0.216406 0.101389
2 0.412500 0.846528 0.245312 0.304167
2 0.642188 0.851389 0.264062 0.294444
2 0.410938 0.587500 0.251563 0.358333
1 0.375781 0.747917 0.093750 0.087500
1 0.374609 0.777083 0.122656 0.098611
1 0.356250 0.800000 0.170313 0.111111
1 0.199219 0.806250 0.087500 0.037500
1 0.551172 0.708333 0.096094 0.047222
5 0.709766 0.468750 0.035156 0.012500
1 0.703125 0.823611 0.214062 0.113889
1 0.703516 0.788194 0.213281 0.101389
