2 0.966406 0.394444 0.012500 0.058333
1 0.843750 0.602778 0.148438 0.044444
1 0.845313 0.563194 0.145313 0.043056
1 0.828516 0.624306 0.127344 0.012500
2 0.712891 0.595833 0.133594 0.108333
0 0.453125 0.492361 0.034375 0.006944
2 0.573047 0.515972 0.464844 0.406944
2 0.315625 0.740278 0.203125 0.077778
2 0.765234 0.627083 0.305469 0.068056
2 0.017969 0.795833 0.035937 0.405556
2 0.137500 0.756250 0.275000 0.368056
2 0.137500 0.408333 0.275000 0.397222
2 0.499609 0.499306 0.999219 0.998611
2 0.517578 0.499306 0.963281 0.998611
2 0.889453 0.463889 0.219531 0.347222
2 0.968359 0.523611 0.061719 0.216667
3 0.320312 0.533333 0.146875 0.330556
