1 0.888281 0.745833 0.189062 0.061111
4 0.891406 0.700694 0.189062 0.065278
4 0.891406 0.653472 0.189062 0.059722
4 0.891406 0.606944 0.189062 0.063889
1 0.116406 0.665278 0.190625 0.061111
1 0.116406 0.586806 0.190625 0.048611
1 0.116406 0.627778 0.190625 0.052778
2 0.236328 0.703472 0.244531 0.323611
2 0.407031 0.742361 0.281250 0.387500
2 0.407031 0.388194 0.281250 0.376389
1 0.273828 0.740278 0.188281 0.052778
1 0.187891 0.733333 0.158594 0.055556
1 0.228906 0.661111 0.112500 0.038889
1 0.200781 0.699306 0.168750 0.051389
1 0.510156 0.702083 0.082812 0.031944
5 0.723437 0.646528 0.079687 0.173611
1 0.553906 0.702778 0.231250 0.069444
1 0.558203 0.654167 0.239844 0.069444
