2 0.499609 0.499306 0.999219 0.998611
3 0.251172 0.499306 0.502344 0.998611
1 0.881250 0.837500 0.235937 0.141667
1 0.794141 0.945139 0.063281 0.101389
1 0.957031 0.700000 0.084375 0.116667
1 0.956641 0.747917 0.085156 0.070833
1 0.731250 0.577778 0.120313 0.030556
4 0.733594 0.547222 0.118750 0.036111
4 0.733594 0.515972 0.118750 0.034722
4 0.733984 0.486111 0.117969 0.036111
2 0.092188 0.390278 0.057813 0.088889
2 0.523438 0.552083 0.093750 0.215278
2 0.324609 0.351389 0.117969 0.169444
2 0.523438 0.348611 0.093750 0.213889
2 0.069531 0.389583 0.012500 0.087500
2 0.155078 0.377083 0.185156 0.118056
1 0.546875 0.568056 0.128125 0.019444
5 0.626172 0.514583 0.030469 0.106944
0 0.988672 0.461111 0.021094 0.027778
0 0.984375 0.279861 0.029687 0.037500
1 0.552344 0.537500 0.151562 0.036111
1 0.550391 0.509028 0.147656 0.031944
