1 0.971875 0.535417 0.054688 0.070833
1 0.971094 0.579861 0.056250 0.062500
1 0.785547 0.462500 0.186719 0.086111
1 0.783984 0.500694 0.175781 0.076389
2 0.762891 0.362500 0.150781 0.177778
2 0.229687 0.763889 0.445312 0.469444
2 0.568359 0.734028 0.369531 0.529167
2 0.112891 0.504861 0.225781 0.434722
2 0.333594 0.589583 0.275000 0.401389
2 0.020313 0.456250 0.040625 0.198611
2 0.140625 0.439583 0.200000 0.229167
2 0.016016 0.241667 0.032031 0.258333
2 0.156250 0.734028 0.312500 0.529167
2 0.433594 0.657639 0.315625 0.470833
0 0.294922 0.266667 0.017969 0.025000
0 0.286719 0.113194 0.031250 0.031944
1 0.160156 0.415972 0.057813 0.037500
3 0.486328 0.240972 0.196094 0.284722
1 0.108984 0.386806 0.150781 0.037500
