1 0.748828 0.945833 0.242969 0.105556
1 0.774219 0.592361 0.107813 0.043056
4 0.777344 0.565972 0.106250 0.045833
4 0.777344 0.536111 0.107813 0.044444
4 0.777734 0.502778 0.108594 0.055556
2 0.028516 0.799306 0.057031 0.295833
2 0.121094 0.570833 0.170313 0.222222
2 0.061328 0.625000 0.082031 0.183333
2 0.057031 0.439583 0.114062 0.187500
2 0.214062 0.715972 0.178125 0.293056
1 0.275391 0.552083 0.075781 0.048611
1 0.294531 0.506944 0.117188 0.041667
1 0.274609 0.529167 0.075781 0.047222
2 0.378516 0.580556 0.136719 0.200000
2 0.476953 0.613889 0.153906 0.222222
2 0.005078 0.736806 0.002344 0.009722
2 0.045312 0.606944 0.090625 0.261111
2 0.096484 0.660417 0.192969 0.309722
1 0.293359 0.583333 0.036719 0.025000
1 0.285156 0.559722 0.007812 0.005556
1 0.672266 0.597222 0.099219 0.041667
0 0.994531 0.336111 0.009375 0.036111
0 0.993750 0.428472 0.010937 0.029167
0 0.965234 0.423611 0.044531 0.030556
0 0.961719 0.581250 0.043750 0.034722
1 0.556250 0.586111 0.132812 0.055556
1 0.556641 0.563889 0.141406 0.052778
