1 0.982031 0.501389 0.034375 0.019444
2 0.958203 0.452778 0.082031 0.116667
2 0.486328 0.345139 0.583594 0.690278
2 0.823828 0.328472 0.350781 0.620833
2 0.959375 0.375000 0.079687 0.444444
2 0.072266 0.175694 0.144531 0.351389
2 0.517969 0.207639 0.300000 0.401389
2 0.207422 0.372222 0.364844 0.477778
2 0.021484 0.500694 0.008594 0.229167
2 0.714063 0.464583 0.235937 0.140278
1 0.126172 0.415972 0.050781 0.037500
1 0.150391 0.331944 0.002344 0.041667
1 0.119141 0.376389 0.064844 0.041667
2 0.233594 0.400000 0.173437 0.222222
2 0.494531 0.481944 0.081250 0.066667
2 0.010547 0.483333 0.021094 0.197222
2 0.312891 0.327083 0.450781 0.626389
2 0.664062 0.206944 0.367188 0.413889
2 0.881641 0.213194 0.235156 0.412500
1 0.114844 0.502083 0.025000 0.009722
5 0.135547 0.453472 0.046094 0.106944
1 0.317188 0.443056 0.004687 0.025000
3 0.679297 0.475000 0.089844 0.058333
1 0.317578 0.404167 0.005469 0.033333
