1 0.037109 0.706944 0.074219 0.077778
1 0.355469 0.784028 0.457813 0.131944
2 0.499609 0.747917 0.999219 0.501389
2 0.676172 0.640972 0.136719 0.068056
2 0.595313 0.597917 0.165625 0.215278
2 0.486719 0.609722 0.201563 0.263889
2 0.508594 0.484722 0.115625 0.147222
2 0.409766 0.488194 0.138281 0.168056
0 0.666406 0.334028 0.037500 0.023611
2 0.804297 0.438889 0.013281 0.069444
2 0.841016 0.496528 0.183594 0.256944
2 0.902344 0.584722 0.146875 0.213889
2 0.941016 0.562500 0.116406 0.169444
2 0.907813 0.373611 0.156250 0.225000
2 0.941016 0.385417 0.116406 0.198611
2 0.755469 0.615972 0.207813 0.273611
2 0.311328 0.555556 0.150781 0.158333
2 0.206641 0.568750 0.160156 0.181944
2 0.853125 0.563194 0.112500 0.148611
2 0.790625 0.583333 0.140625 0.211111
2 0.851172 0.387500 0.125781 0.177778
2 0.712500 0.495139 0.168750 0.243056
2 0.611328 0.500000 0.213281 0.283333
