2 0.617578 0.494444 0.128906 0.175000
2 0.733594 0.511806 0.135937 0.187500
1 0.894531 0.578472 0.139063 0.054167
1 0.894922 0.610417 0.146094 0.051389
3 0.871094 0.569444 0.256250 0.541667
1 0.605469 0.661111 0.151562 0.094444
1 0.385937 0.591667 0.150000 0.072222
1 0.387109 0.627778 0.158594 0.063889
2 0.345313 0.496528 0.128125 0.173611
0 0.259375 0.288889 0.032813 0.013889
0 0.204297 0.342361 0.032031 0.015278
2 0.131641 0.884722 0.263281 0.227778
2 0.309766 0.829861 0.307031 0.337500
2 0.085547 0.798611 0.171094 0.400000
2 0.969922 0.912500 0.058594 0.172222
2 0.047266 0.790972 0.094531 0.415278
2 0.157031 0.720139 0.301563 0.429167
3 0.076953 0.390972 0.153906 0.298611
