1 0.039844 0.977083 0.079687 0.043056
1 0.858594 0.854167 0.196875 0.080556
4 0.859766 0.809722 0.186719 0.083333
4 0.859766 0.761806 0.186719 0.076389
4 0.859766 0.715278 0.186719 0.080556
1 0.156641 0.734722 0.125781 0.055556
2 0.205078 0.779861 0.155469 0.273611
2 0.261328 0.833333 0.200781 0.330556
2 0.200000 0.546528 0.165625 0.248611
2 0.266797 0.556250 0.189844 0.298611
1 0.275781 0.800000 0.117188 0.066667
1 0.263672 0.785417 0.141406 0.043056
1 0.541016 0.783333 0.102344 0.041667
5 0.735938 0.711111 0.107813 0.222222
1 0.451172 0.800694 0.146094 0.076389
1 0.450391 0.767361 0.144531 0.062500
