1 0.766016 0.449306 0.097656 0.129167
4 0.799609 0.404167 0.161719 0.136111
4 0.789062 0.354861 0.137500 0.129167
4 0.805469 0.307639 0.165625 0.129167
2 0.008203 0.128472 0.016406 0.162500
2 0.001953 0.027778 0.003906 0.055556
1 0.222656 0.204167 0.050000 0.030556
2 0.187500 0.247917 0.128125 0.256944
2 0.146094 0.334722 0.168750 0.311111
2 0.131641 0.123611 0.177344 0.247222
1 0.390234 0.146528 0.033594 0.054167
1 0.389844 0.118056 0.031250 0.052778
1 0.391797 0.175000 0.033594 0.055556
1 0.393750 0.202083 0.035937 0.059722
1 0.409766 0.232639 0.005469 0.054167
1 0.408984 0.274306 0.002344 0.026389
1 0.412500 0.218056 0.003125 0.055556
1 0.564453 0.278472 0.110156 0.087500
5 0.760547 0.240972 0.110156 0.237500
0 0.985547 0.510417 0.027344 0.081944
0 0.990625 0.087500 0.017188 0.094444
1 0.310937 0.326389 0.135937 0.119444
1 0.310547 0.304167 0.127344 0.083333
