1 0.947656 0.760417 0.103125 0.134722
2 0.005078 0.473611 0.010156 0.077778
2 0.044531 0.507639 0.089063 0.215278
2 0.070703 0.479167 0.139844 0.186111
2 0.039062 0.322222 0.078125 0.200000
2 0.065234 0.315972 0.130469 0.176389
1 0.347656 0.505556 0.025000 0.052778
1 0.325781 0.448611 0.098437 0.038889
1 0.318750 0.475000 0.082812 0.050000
2 0.298047 0.550694 0.142969 0.256944
2 0.245703 0.607639 0.182031 0.318056
2 0.295703 0.328472 0.146094 0.231944
2 0.027344 0.472917 0.054688 0.154167
2 0.023828 0.237500 0.047656 0.002778
1 0.468359 0.559028 0.139844 0.051389
1 0.469531 0.588889 0.143750 0.055556
1 0.539062 0.552083 0.003125 0.023611
1 0.519922 0.513194 0.039844 0.029167
1 0.519531 0.534722 0.042188 0.044444
1 0.705078 0.590278 0.113281 0.069444
5 0.940234 0.588194 0.103906 0.215278
1 0.426563 0.603472 0.143750 0.093056
1 0.426172 0.570139 0.144531 0.068056
