1 0.962109 0.807639 0.074219 0.068056
2 0.930078 0.695139 0.138281 0.206944
2 0.240234 0.828472 0.480469 0.340278
2 0.667578 0.814583 0.663281 0.368056
2 0.947266 0.811111 0.103906 0.375000
2 0.257422 0.658333 0.502344 0.680556
2 0.622266 0.802083 0.378906 0.393056
2 0.069141 0.716667 0.024219 0.211111
2 0.192188 0.776389 0.103125 0.016667
2 0.061328 0.443056 0.119531 0.336111
2 0.037109 0.824306 0.074219 0.348611
2 0.036719 0.331944 0.073438 0.663889
2 0.430078 0.808333 0.663281 0.380556
2 0.796094 0.804167 0.406250 0.388889
0 0.347266 0.430556 0.019531 0.033333
0 0.356250 0.516667 0.006250 0.013889
3 0.585938 0.585417 0.181250 0.315278
