2 0.029687 0.713889 0.059375 0.100000
2 0.042578 0.729861 0.085156 0.068056
2 0.059375 0.867361 0.118750 0.262500
2 0.017969 0.623611 0.035937 0.113889
2 0.275781 0.712500 0.143750 0.244444
2 0.201953 0.746528 0.069531 0.193056
2 0.171484 0.665278 0.064844 0.075000
2 0.335156 0.851389 0.170313 0.294444
1 0.505469 0.716667 0.115625 0.047222
2 0.576953 0.752778 0.147656 0.213889
2 0.673828 0.795833 0.167969 0.247222
2 0.580469 0.578472 0.142187 0.193056
2 0.674219 0.597222 0.168750 0.222222
2 0.092578 0.672917 0.103906 0.084722
2 0.121094 0.709028 0.120313 0.095833
2 0.120313 0.584722 0.120313 0.202778
2 0.154297 0.820833 0.141406 0.275000
2 0.199219 0.858333 0.168750 0.280556
1 0.571875 0.768056 0.054688 0.041667
1 0.545703 0.756944 0.091406 0.033333
1 0.903906 0.795833 0.145313 0.050000
5 0.984766 0.696528 0.028906 0.176389
1 0.778125 0.771528 0.156250 0.065278
1 0.778906 0.742361 0.165625 0.062500
