2 0.688672 0.693056 0.130469 0.169444
2 0.811719 0.704167 0.137500 0.180556
2 0.811328 0.546528 0.136719 0.170833
1 0.958203 0.791667 0.082031 0.050000
3 0.933594 0.875000 0.131250 0.138889
1 0.702344 0.824306 0.164062 0.079167
1 0.490234 0.764583 0.110156 0.056944
1 0.491016 0.797222 0.108594 0.052778
2 0.412500 0.679167 0.126562 0.138889
0 0.314453 0.502778 0.032031 0.008333
0 0.256250 0.560417 0.031250 0.009722
2 0.064453 0.952083 0.128906 0.093056
2 0.238281 0.890972 0.420312 0.215278
2 0.460938 0.863889 0.295312 0.269444
2 0.043359 0.617361 0.086719 0.043056
2 0.265234 0.845833 0.044531 0.280556
2 0.123438 0.800000 0.246875 0.397222
2 0.295703 0.785417 0.299219 0.401389
3 0.131250 0.545139 0.145313 0.179167
