2 0.610156 0.565972 0.125000 0.176389
2 0.735547 0.565278 0.130469 0.172222
2 0.611719 0.415972 0.126562 0.170833
2 0.737500 0.413889 0.132812 0.169444
1 0.898438 0.606944 0.135937 0.050000
1 0.898438 0.631944 0.142187 0.052778
1 0.821484 0.711111 0.130469 0.097222
1 0.820312 0.748611 0.121875 0.086111
1 0.569141 0.759722 0.169531 0.088889
2 0.364453 0.631944 0.099219 0.230556
0 0.100000 0.375694 0.043750 0.018056
0 0.011719 0.452083 0.023438 0.020833
2 0.913281 0.926389 0.171875 0.144444
2 0.860156 0.917361 0.278125 0.162500
2 0.216406 0.933333 0.050000 0.130556
2 0.089453 0.811806 0.178906 0.373611
2 0.119922 0.752083 0.239844 0.493056
2 0.958203 0.838889 0.082031 0.319444
