1 0.913281 0.695833 0.075000 0.041667
1 0.912500 0.731250 0.078125 0.040278
1 0.874609 0.765278 0.153906 0.041667
1 0.064453 0.746528 0.103906 0.031944
4 0.039062 0.708333 0.078125 0.036111
4 0.039062 0.681250 0.078125 0.023611
4 0.039453 0.639583 0.078906 0.018056
2 0.313672 0.795139 0.627344 0.406944
2 0.723437 0.794444 0.464062 0.408333
2 0.880078 0.793750 0.238281 0.409722
2 0.343750 0.618750 0.337500 0.437500
2 0.100391 0.794444 0.200781 0.408333
2 0.598437 0.854861 0.192188 0.115278
2 0.082812 0.736806 0.165625 0.295833
2 0.256250 0.719444 0.187500 0.261111
2 0.083984 0.459028 0.167969 0.262500
2 0.249609 0.463889 0.214844 0.252778
2 0.182031 0.794444 0.364063 0.408333
2 0.498047 0.629167 0.391406 0.527778
2 0.723047 0.618056 0.305469 0.413889
0 0.298438 0.447222 0.009375 0.030556
0 0.298047 0.528472 0.010156 0.020833
0 0.267969 0.527778 0.015625 0.022222
1 0.098828 0.700694 0.041406 0.034722
3 0.507031 0.501389 0.115625 0.108333
1 0.096484 0.665972 0.046094 0.040278
