1 0.065625 0.085417 0.125000 0.062500
1 0.069141 0.114583 0.127344 0.056944
2 0.241406 0.025000 0.045312 0.050000
3 0.317969 0.103472 0.273438 0.206944
1 0.029297 0.214583 0.058594 0.079167
2 0.848437 0.657639 0.301563 0.681944
2 0.687891 0.466667 0.152344 0.352778
2 0.337109 0.158333 0.110156 0.036111
2 0.213672 0.535417 0.422656 0.734722
2 0.557813 0.837500 0.592187 0.322222
2 0.888281 0.914583 0.221875 0.168056
2 0.569141 0.499306 0.672656 0.998611
2 0.058984 0.527083 0.117969 0.573611
2 0.905078 0.240972 0.188281 0.290278
2 0.753906 0.205556 0.207813 0.275000
2 0.759375 0.762500 0.479687 0.472222
2 0.760547 0.376389 0.477344 0.752778
2 0.441797 0.334722 0.360156 0.447222
2 0.235156 0.144444 0.292187 0.188889
