2 0.907813 0.800694 0.134375 0.126389
2 0.973047 0.779861 0.052344 0.084722
2 0.864453 0.695833 0.013281 0.008333
2 0.972266 0.686111 0.000781 0.011111
1 0.983203 0.852083 0.032031 0.015278
2 0.771094 0.782639 0.135937 0.184722
0 0.360156 0.661111 0.035937 0.005556
1 0.189844 0.913889 0.115625 0.080556
4 0.192969 0.828472 0.115625 0.093056
4 0.196094 0.741667 0.112500 0.094444
4 0.198828 0.668056 0.108594 0.111111
2 0.993750 0.859028 0.010937 0.131944
1 0.410938 0.896528 0.071875 0.101389
5 0.132031 0.763889 0.073438 0.469444
1 0.886328 0.738889 0.225781 0.077778
3 0.285547 0.676389 0.114844 0.405556
1 0.889844 0.679167 0.218750 0.086111
