3 0.610938 0.797917 0.776563 0.401389
2 0.803125 0.720139 0.145313 0.254167
2 0.869922 0.802778 0.196094 0.311111
2 0.917188 0.853472 0.139063 0.281944
2 0.419141 0.508333 0.091406 0.050000
2 0.420312 0.619444 0.106250 0.202778
0 0.583203 0.393750 0.036719 0.026389
2 0.746875 0.584722 0.128125 0.202778
2 0.971484 0.618750 0.055469 0.059722
2 0.939453 0.613194 0.111719 0.101389
2 0.942578 0.487500 0.113281 0.183333
2 0.439453 0.802778 0.055469 0.294444
2 0.444141 0.859722 0.064844 0.277778
2 0.847266 0.648611 0.132031 0.191667
2 0.909766 0.705556 0.141406 0.227778
2 0.852344 0.489583 0.131250 0.190278
2 0.916406 0.519444 0.165625 0.222222
2 0.957422 0.686111 0.083594 0.275000
