2 0.479687 0.708333 0.039062 0.033333
2 0.314844 0.672222 0.104688 0.236111
2 0.946094 0.486806 0.026562 0.031944
2 0.528516 0.697917 0.058594 0.026389
2 0.842187 0.410417 0.228125 0.259722
2 0.386719 0.694444 0.220312 0.308333
2 0.486328 0.710417 0.025781 0.012500
2 0.314453 0.647222 0.105469 0.161111
2 0.854297 0.745833 0.289844 0.486111
2 0.528125 0.745139 0.404687 0.506944
2 0.528125 0.265278 0.400000 0.530556
2 0.944922 0.434722 0.108594 0.211111
2 0.798047 0.329861 0.139844 0.012500
2 0.318750 0.566667 0.103125 0.261111
1 0.648047 0.836806 0.592969 0.187500
1 0.648438 0.720139 0.564063 0.143056
