2 0.561328 0.659722 0.183594 0.227778
2 0.721094 0.665972 0.200000 0.251389
2 0.561719 0.443750 0.182812 0.231944
1 0.873828 0.656944 0.049219 0.047222
1 0.874609 0.702083 0.049219 0.045833
1 0.876953 0.743750 0.044531 0.040278
1 0.875391 0.786806 0.049219 0.048611
3 0.829688 0.499306 0.339062 0.998611
1 0.469141 0.647917 0.278906 0.062500
1 0.469922 0.704167 0.264844 0.066667
1 0.468750 0.754167 0.279687 0.086111
1 0.469922 0.809028 0.266406 0.090278
1 0.159766 0.635417 0.232031 0.048611
1 0.159766 0.682639 0.235156 0.054167
1 0.158984 0.728472 0.232031 0.056944
1 0.158984 0.774306 0.247656 0.065278
2 0.176172 0.638194 0.191406 0.187500
0 0.132422 0.440972 0.041406 0.009722
0 0.071094 0.518750 0.039062 0.006944
