2 0.501953 0.647917 0.160156 0.287500
2 0.416406 0.746528 0.203125 0.373611
2 0.298047 0.816667 0.271094 0.363889
2 0.250391 0.468750 0.150781 0.206944
2 0.128516 0.518750 0.191406 0.251389
0 0.441797 0.269444 0.046094 0.050000
2 0.561719 0.498611 0.129688 0.233333
2 0.750391 0.673611 0.189844 0.394444
2 0.773438 0.674306 0.142187 0.279167
2 0.792188 0.605556 0.118750 0.230556
2 0.776953 0.446528 0.146094 0.281944
2 0.705469 0.838889 0.242188 0.319444
2 0.058203 0.669444 0.116406 0.305556
2 0.675781 0.587500 0.125000 0.222222
2 0.632031 0.654167 0.157812 0.280556
2 0.678125 0.399306 0.126562 0.223611
2 0.575781 0.769444 0.190625 0.391667
2 0.491016 0.827778 0.255469 0.341667
