1 0.068359 0.284722 0.088281 0.050000
1 0.071484 0.303472 0.089844 0.045833
2 0.255078 0.184028 0.122656 0.159722
3 0.308594 0.197222 0.223438 0.366667
1 0.070703 0.356944 0.086719 0.075000
1 0.071094 0.395833 0.079687 0.055556
2 0.858984 0.547222 0.272656 0.397222
2 0.670312 0.492361 0.148438 0.306944
2 0.942578 0.277083 0.113281 0.226389
2 0.434375 0.470833 0.293750 0.427778
2 0.703516 0.719444 0.344531 0.538889
2 0.913281 0.800694 0.171875 0.395833
2 0.921875 0.389583 0.154688 0.512500
2 0.253516 0.529167 0.253906 0.380556
2 0.826172 0.347917 0.175781 0.234722
2 0.682422 0.321528 0.160156 0.218056
2 0.026562 0.459722 0.053125 0.516667
2 0.977344 0.686111 0.043750 0.380556
2 0.793359 0.608333 0.305469 0.427778
2 0.543359 0.413194 0.260156 0.370833
2 0.361328 0.342361 0.227344 0.281944
