2 0.777734 0.955556 0.339844 0.086111
1 0.454688 0.722917 0.129688 0.051389
4 0.455859 0.691667 0.127344 0.055556
4 0.455469 0.658333 0.128125 0.052778
4 0.455469 0.619444 0.128125 0.066667
2 0.018359 0.761806 0.036719 0.159722
2 0.076563 0.811111 0.153125 0.269444
2 0.074609 0.588889 0.149219 0.263889
1 0.050391 0.736111 0.032031 0.047222
1 0.281250 0.718056 0.089063 0.052778
5 0.353125 0.632639 0.062500 0.137500
0 0.701172 0.630556 0.032031 0.038889
0 0.694922 0.431944 0.038281 0.044444
1 0.173437 0.753472 0.173437 0.076389
3 0.888672 0.680556 0.221094 0.483333
1 0.172656 0.724306 0.165625 0.062500
