2 0.323437 0.560417 0.187500 0.212500
2 0.400000 0.471528 0.153125 0.040278
2 0.403906 0.347917 0.162500 0.229167
2 0.714844 0.461111 0.129688 0.169444
3 0.884375 0.450000 0.115625 0.400000
1 0.793359 0.540278 0.197656 0.047222
1 0.719922 0.581944 0.044531 0.038889
1 0.718359 0.615972 0.049219 0.048611
1 0.719531 0.657639 0.043750 0.040278
1 0.826562 0.577778 0.168750 0.077778
1 0.826172 0.642361 0.169531 0.065278
1 0.826172 0.697222 0.169531 0.061111
1 0.825781 0.738194 0.182812 0.095833
2 0.439844 0.684722 0.329688 0.441667
