1 0.825000 0.423611 0.125000 0.047222
4 0.828125 0.390278 0.126562 0.055556
4 0.829297 0.356250 0.127344 0.054167
4 0.830859 0.318750 0.127344 0.065278
2 0.046484 0.840278 0.092969 0.316667
2 0.181641 0.863194 0.363281 0.270833
2 0.208984 0.560417 0.282031 0.401389
2 0.072266 0.625694 0.144531 0.320833
2 0.002734 0.604861 0.005469 0.029167
2 0.067578 0.361111 0.135156 0.316667
2 0.423828 0.761806 0.294531 0.473611
1 0.305469 0.448611 0.165625 0.063889
2 0.451172 0.474306 0.186719 0.270833
2 0.626172 0.512500 0.197656 0.297222
2 0.014453 0.665972 0.028906 0.273611
2 0.005859 0.425000 0.011719 0.225000
2 0.118359 0.770833 0.236719 0.455556
2 0.313672 0.803472 0.349219 0.390278
1 0.396484 0.469444 0.133594 0.086111
1 0.283984 0.478472 0.085156 0.029167
1 0.535937 0.409028 0.026562 0.026389
1 0.739453 0.465972 0.036719 0.062500
1 0.742578 0.431250 0.041406 0.068056
