1 0.843750 0.621528 0.160938 0.070833
4 0.846875 0.584722 0.159375 0.075000
4 0.848047 0.547222 0.160156 0.069444
4 0.849219 0.503472 0.160938 0.084722
2 0.039453 0.835417 0.078906 0.326389
1 0.214062 0.550694 0.143750 0.065278
2 0.298438 0.596528 0.170313 0.276389
2 0.401562 0.669444 0.203125 0.305556
2 0.401953 0.428472 0.202344 0.290278
1 0.341797 0.591667 0.149219 0.077778
1 0.291016 0.572917 0.136719 0.051389
1 0.657422 0.607639 0.121094 0.054167
5 0.727734 0.487500 0.083594 0.197222
1 0.528906 0.620139 0.185938 0.095833
1 0.528516 0.587500 0.177344 0.080556
