1 0.857031 0.711111 0.204687 0.144444
1 0.854688 0.755556 0.192188 0.122222
2 0.824609 0.536806 0.160156 0.212500
2 0.707422 0.995833 0.016406 0.005556
2 0.132422 0.853472 0.264844 0.290278
2 0.383594 0.875000 0.303125 0.247222
2 0.032031 0.787500 0.064062 0.269444
2 0.169141 0.739583 0.216406 0.295833
2 0.026172 0.524306 0.052344 0.306944
2 0.160156 0.495833 0.221875 0.313889
2 0.266406 0.993056 0.029687 0.011111
2 0.499219 0.925000 0.351562 0.147222
0 0.316016 0.227083 0.024219 0.034722
0 0.325000 0.385417 0.018750 0.029167
1 0.135937 0.657639 0.165625 0.101389
3 0.523828 0.347917 0.203906 0.318056
1 0.132031 0.634722 0.162500 0.072222
