1 0.841016 0.701389 0.208594 0.133333
4 0.844922 0.657639 0.199219 0.131944
4 0.846875 0.610417 0.200000 0.126389
4 0.849609 0.552778 0.202344 0.150000
1 0.080078 0.575000 0.142969 0.094444
1 0.028906 0.499306 0.057813 0.104167
1 0.040625 0.535417 0.079687 0.106944
2 0.136328 0.677083 0.189844 0.345833
2 0.210938 0.805556 0.228125 0.386111
2 0.124219 0.418056 0.195312 0.344444
2 0.198828 0.521528 0.236719 0.431944
1 0.271484 0.580556 0.055469 0.083333
1 0.250391 0.541667 0.055469 0.047222
1 0.248047 0.494444 0.057031 0.044444
1 0.215234 0.525694 0.125781 0.073611
1 0.575781 0.639583 0.146875 0.095833
5 0.710547 0.511111 0.086719 0.194444
1 0.396875 0.756944 0.201563 0.122222
1 0.397656 0.698611 0.196875 0.152778
