2 0.101953 0.493750 0.125781 0.151389
3 0.207422 0.494444 0.172656 0.344444
1 0.044141 0.685417 0.088281 0.065278
2 0.900391 0.638889 0.178906 0.222222
2 0.519531 0.622222 0.151562 0.208333
2 0.974219 0.509028 0.043750 0.162500
2 0.840625 0.505556 0.128125 0.166667
2 0.696094 0.600000 0.204687 0.291667
2 0.918750 0.719444 0.160938 0.305556
2 0.920312 0.457639 0.157812 0.287500
2 0.478516 0.699306 0.205469 0.293056
2 0.557031 0.509028 0.075000 0.051389
1 0.958594 0.929861 0.081250 0.137500
2 0.716797 0.836111 0.357031 0.325000
2 0.367188 0.827778 0.293750 0.341667
2 0.911719 0.678472 0.175000 0.265278
2 0.912891 0.442361 0.172656 0.243056
2 0.698828 0.759722 0.175781 0.094444
2 0.502344 0.647917 0.181250 0.229167
1 0.429688 0.985417 0.026562 0.026389
1 0.220703 0.945833 0.441406 0.105556
