1 0.143359 0.881944 0.286719 0.233333
1 0.096484 0.936806 0.174219 0.123611
2 0.742188 0.788889 0.470313 0.419444
1 0.652734 0.176389 0.146094 0.075000
4 0.655859 0.140278 0.147656 0.080556
4 0.657031 0.102778 0.148438 0.077778
4 0.658203 0.058333 0.149219 0.094444
1 0.053906 0.115278 0.107813 0.047222
2 0.098047 0.152083 0.164844 0.276389
2 0.170703 0.222917 0.186719 0.318056
1 0.175391 0.138194 0.144531 0.079167
1 0.140234 0.117361 0.127344 0.051389
1 0.458984 0.153472 0.142969 0.073611
5 0.564844 0.067361 0.076563 0.134722
0 0.930078 0.118056 0.035156 0.050000
1 0.309375 0.184722 0.168750 0.097222
3 0.990234 0.426389 0.017969 0.019444
1 0.307812 0.154167 0.160938 0.083333
