3 0.499609 0.707639 0.999219 0.581944
2 0.436719 0.668750 0.123438 0.126389
2 0.551562 0.731250 0.210938 0.226389
2 0.680469 0.858333 0.231250 0.280556
2 0.009766 0.355556 0.019531 0.061111
2 0.022656 0.415972 0.045312 0.104167
0 0.169531 0.202778 0.050000 0.033333
2 0.379688 0.368750 0.148438 0.131944
2 0.830078 0.388889 0.228906 0.097222
2 0.641797 0.418750 0.088281 0.040278
2 0.596875 0.403472 0.151562 0.062500
1 0.938281 0.420833 0.121875 0.052778
1 0.929297 0.427083 0.050781 0.015278
2 0.490625 0.401389 0.143750 0.038889
2 0.583594 0.419444 0.092188 0.016667
2 0.489063 0.306944 0.150000 0.216667
2 0.708203 0.408333 0.227344 0.113889
2 0.866406 0.479861 0.265625 0.179167
