1 0.479687 0.823611 0.159375 0.083333
4 0.481250 0.786806 0.151562 0.084722
4 0.481250 0.747917 0.151562 0.081944
4 0.481250 0.700000 0.151562 0.102778
2 0.015625 0.893750 0.031250 0.209722
1 0.003906 0.683333 0.007812 0.052778
1 0.003125 0.650000 0.006250 0.061111
1 0.004297 0.713194 0.008594 0.056944
1 0.004687 0.746528 0.009375 0.048611
1 0.006250 0.772917 0.012500 0.043056
1 0.005078 0.799306 0.010156 0.043056
1 0.311719 0.838194 0.153125 0.084722
5 0.398828 0.687500 0.036719 0.158333
0 0.746484 0.511111 0.050781 0.063889
0 0.717969 0.731250 0.087500 0.115278
1 0.095703 0.879167 0.177344 0.100000
3 0.984766 0.793750 0.028906 0.409722
1 0.094531 0.842361 0.176563 0.101389
