1 0.766016 0.768056 0.205469 0.122222
4 0.767188 0.701389 0.206250 0.127778
4 0.767969 0.631944 0.207813 0.113889
4 0.767578 0.566667 0.207031 0.105556
1 0.017969 0.464583 0.009375 0.006944
2 0.040625 0.565972 0.081250 0.256944
2 0.020703 0.592361 0.041406 0.290278
2 0.017969 0.304167 0.035937 0.291667
1 0.276172 0.492361 0.094531 0.043056
1 0.274609 0.458333 0.092969 0.038889
1 0.274609 0.527083 0.094531 0.043056
1 0.289062 0.562500 0.065625 0.047222
1 0.310156 0.594444 0.023438 0.050000
1 0.310156 0.628472 0.023438 0.051389
1 0.328516 0.606944 0.019531 0.044444
1 0.328516 0.546528 0.019531 0.040278
1 0.330078 0.576389 0.016406 0.041667
1 0.491406 0.673611 0.128125 0.050000
5 0.720313 0.498611 0.103125 0.030556
0 0.969531 0.254861 0.057813 0.106944
0 0.919141 0.271528 0.049219 0.093056
0 0.945312 0.829167 0.107813 0.127778
1 0.121484 0.610417 0.207031 0.084722
1 0.119922 0.560417 0.222656 0.081944
