3 0.246875 0.816667 0.493750 0.363889
2 0.837500 0.849306 0.142187 0.276389
2 0.882812 0.882639 0.179688 0.231944
2 0.912500 0.918750 0.173437 0.159722
2 0.455859 0.679167 0.113281 0.183333
2 0.417187 0.693750 0.131250 0.151389
0 0.632812 0.488194 0.040625 0.048611
2 0.803125 0.702778 0.115625 0.216667
2 0.979688 0.738194 0.037500 0.112500
2 0.981250 0.604861 0.035937 0.201389
2 0.357031 0.845833 0.129688 0.183333
2 0.324609 0.886806 0.063281 0.104167
2 0.920703 0.735417 0.121094 0.120833
2 0.944531 0.842361 0.107813 0.256944
2 0.917578 0.603472 0.132031 0.204167
2 0.969922 0.820139 0.058594 0.312500
