1 0.903516 0.896528 0.191406 0.126389
2 0.791406 0.713194 0.148438 0.234722
0 0.634766 0.430556 0.038281 0.036111
0 0.564063 0.488194 0.035937 0.037500
2 0.562109 0.956250 0.200781 0.084722
2 0.140625 0.909722 0.281250 0.177778
2 0.740625 0.970139 0.145313 0.056944
2 0.050391 0.931944 0.100781 0.133333
2 0.205469 0.904167 0.256250 0.188889
2 0.190234 0.697222 0.282031 0.375000
2 0.336328 0.977778 0.149219 0.041667
2 0.873437 0.923611 0.251563 0.150000
0 0.196094 0.420139 0.029687 0.040278
0 0.203516 0.601389 0.027344 0.030556
1 0.106250 0.929167 0.212500 0.138889
3 0.406641 0.554167 0.207031 0.344444
1 0.102734 0.900000 0.205469 0.100000
