2 0.401562 0.499306 0.803125 0.998611
3 0.192188 0.526389 0.384375 0.944444
1 0.892188 0.877083 0.214062 0.173611
1 0.892188 0.925694 0.214062 0.145833
1 0.885547 0.963889 0.200781 0.069444
1 0.983203 0.687500 0.032031 0.030556
2 0.103125 0.670833 0.146875 0.219444
2 0.168750 0.679861 0.181250 0.226389
2 0.259766 0.698611 0.199219 0.252778
2 0.054297 0.575000 0.108594 0.186111
2 0.408984 0.484028 0.125781 0.006944
2 0.283984 0.720139 0.005469 0.015278
2 0.181641 0.577083 0.007031 0.043056
2 0.312500 0.463194 0.118750 0.154167
2 0.186719 0.481250 0.015625 0.148611
2 0.491797 0.693056 0.183594 0.247222
1 0.549609 0.629861 0.091406 0.029167
1 0.540625 0.580556 0.109375 0.027778
1 0.540234 0.603472 0.108594 0.023611
2 0.627734 0.643750 0.141406 0.179167
2 0.739844 0.656944 0.160938 0.197222
2 0.159766 0.577083 0.064844 0.043056
2 0.210547 0.642361 0.141406 0.165278
2 0.139453 0.474306 0.107031 0.170833
2 0.207813 0.476389 0.146875 0.180556
2 0.312500 0.586111 0.118750 0.222222
2 0.416016 0.597222 0.139844 0.261111
1 0.620703 0.677778 0.078906 0.025000
1 0.561719 0.678472 0.110937 0.029167
1 0.562891 0.633333 0.108594 0.025000
1 0.562891 0.654861 0.108594 0.023611
5 0.918359 0.629861 0.055469 0.118056
1 0.853906 0.647917 0.067187 0.031944
1 0.856250 0.620139 0.071875 0.031944
