1 0.220312 0.511806 0.092188 0.043056
4 0.223438 0.468056 0.090625 0.050000
4 0.225781 0.421528 0.084375 0.045833
4 0.223047 0.376389 0.088281 0.052778
2 0.077734 0.662500 0.155469 0.672222
2 0.087891 0.539583 0.175781 0.454167
2 0.084766 0.166667 0.169531 0.333333
2 0.062109 0.671528 0.124219 0.654167
0 0.523828 0.104167 0.030469 0.044444
0 0.523047 0.222917 0.039844 0.031944
0 0.472656 0.221528 0.050000 0.031944
0 0.475781 0.428472 0.048438 0.034722
1 0.163281 0.492361 0.031250 0.056944
3 0.830859 0.298611 0.333594 0.441667
1 0.178516 0.428472 0.011719 0.070833
