2 0.185547 0.862500 0.000781 0.022222
2 0.077344 0.842361 0.154688 0.254167
2 0.006250 0.854861 0.012500 0.265278
2 0.052734 0.658333 0.105469 0.163889
0 0.211719 0.495833 0.040625 0.025000
2 0.285156 0.600694 0.140625 0.040278
2 0.290234 0.750000 0.208594 0.297222
2 0.400000 0.807639 0.171875 0.259722
2 0.463672 0.773611 0.138281 0.219444
2 0.467187 0.584722 0.145313 0.202778
2 0.155078 0.865972 0.280469 0.265278
1 0.789453 0.840278 0.132031 0.072222
1 0.847656 0.755556 0.025000 0.069444
1 0.786719 0.796528 0.146875 0.076389
2 0.762500 0.864583 0.175000 0.268056
2 0.713281 0.888194 0.231250 0.220833
2 0.761719 0.609028 0.175000 0.318056
2 0.704688 0.631250 0.246875 0.415278
2 0.401172 0.750694 0.089844 0.187500
2 0.326562 0.876389 0.087500 0.080556
2 0.166406 0.738889 0.214062 0.280556
2 0.072266 0.783333 0.144531 0.347222
1 0.890234 0.914583 0.016406 0.009722
1 0.895312 0.907639 0.007812 0.006944
1 0.897266 0.847222 0.013281 0.038889
1 0.896484 0.884722 0.011719 0.038889
1 0.954297 0.996528 0.036719 0.004167
1 0.946484 0.940278 0.105469 0.116667
