2 0.221875 0.525694 0.209375 0.426389
2 0.185156 0.489583 0.146875 0.265278
2 0.165625 0.433333 0.123438 0.275000
2 0.177344 0.270833 0.157812 0.316667
2 0.157422 0.216667 0.128906 0.263889
2 0.266406 0.774306 0.259375 0.448611
1 0.591406 0.443750 0.157812 0.095833
1 0.593359 0.371528 0.169531 0.095833
1 0.592969 0.407639 0.168750 0.098611
2 0.691406 0.536806 0.210938 0.362500
2 0.826172 0.677083 0.291406 0.465278
2 0.042188 0.460417 0.084375 0.081944
2 0.048828 0.459722 0.097656 0.080556
2 0.048047 0.277778 0.096094 0.311111
2 0.048828 0.542361 0.097656 0.418056
2 0.061719 0.721528 0.123438 0.554167
1 0.736719 0.472917 0.179688 0.098611
1 0.735156 0.515278 0.189062 0.086111
1 0.668750 0.456250 0.117188 0.059722
1 0.698828 0.402083 0.110156 0.043056
1 0.698438 0.429167 0.107813 0.063889
1 0.932813 0.628472 0.132812 0.159722
1 0.933984 0.584722 0.130469 0.150000
