1 0.843750 0.791667 0.185938 0.147222
1 0.117969 0.709028 0.146875 0.104167
1 0.114844 0.641667 0.148438 0.097222
1 0.116797 0.675000 0.149219 0.100000
2 0.188672 0.798611 0.189844 0.369444
2 0.282031 0.877083 0.225000 0.243056
2 0.275000 0.670833 0.232813 0.419444
1 0.271094 0.704861 0.157812 0.070833
1 0.244531 0.677778 0.107813 0.061111
1 0.243750 0.633333 0.107813 0.063889
1 0.244531 0.656944 0.107813 0.075000
1 0.621875 0.780556 0.139063 0.088889
5 0.724219 0.627083 0.059375 0.184722
1 0.446875 0.877778 0.198437 0.127778
1 0.455469 0.840972 0.196875 0.131944
