2 0.288672 0.701389 0.111719 0.219444
2 0.253516 0.778472 0.135156 0.268056
2 0.208984 0.854861 0.167969 0.287500
2 0.040234 0.577083 0.080469 0.187500
2 0.007422 0.613194 0.014844 0.181944
0 0.193359 0.400694 0.039844 0.026389
2 0.312891 0.578472 0.094531 0.187500
2 0.512891 0.690972 0.121094 0.265278
2 0.503125 0.712500 0.084375 0.188889
2 0.502344 0.671528 0.079687 0.106944
2 0.502734 0.527083 0.094531 0.204167
2 0.510938 0.852778 0.131250 0.291667
1 0.819141 0.693750 0.125781 0.076389
2 0.867188 0.767361 0.137500 0.265278
2 0.925781 0.849306 0.146875 0.298611
2 0.880078 0.568750 0.157031 0.240278
2 0.923047 0.629167 0.152344 0.294444
2 0.404687 0.645139 0.090625 0.193056
2 0.396094 0.703472 0.098437 0.226389
2 0.406641 0.491667 0.085156 0.175000
2 0.391797 0.527778 0.107031 0.205556
2 0.375781 0.778472 0.125000 0.273611
2 0.360547 0.854167 0.141406 0.288889
1 0.854688 0.736806 0.004687 0.034722
