1 0.880469 0.789583 0.195312 0.109722
4 0.883984 0.743750 0.196094 0.115278
4 0.885156 0.695833 0.196875 0.108333
4 0.885547 0.644444 0.196094 0.116667
1 0.132812 0.620833 0.039062 0.077778
1 0.132422 0.557639 0.033594 0.068056
1 0.133203 0.589583 0.033594 0.070833
2 0.151172 0.691667 0.038281 0.291667
2 0.242188 0.784722 0.175000 0.361111
2 0.200391 0.460417 0.146094 0.265278
2 0.233594 0.509722 0.185938 0.325000
1 0.337500 0.648611 0.023438 0.066667
1 0.340234 0.690278 0.025781 0.022222
1 0.319141 0.595833 0.038281 0.030556
1 0.324609 0.601389 0.027344 0.027778
1 0.628125 0.726389 0.168750 0.097222
5 0.766797 0.629861 0.086719 0.184722
1 0.419531 0.743056 0.182812 0.122222
1 0.418750 0.703472 0.171875 0.109722
