1 0.403125 0.710417 0.631250 0.234722
1 0.990234 0.547917 0.017969 0.031944
4 0.991797 0.503472 0.014844 0.045833
4 0.991797 0.459028 0.014844 0.043056
4 0.991797 0.418750 0.014844 0.045833
2 0.049609 0.258333 0.099219 0.113889
2 0.042578 0.175000 0.085156 0.105556
2 0.059375 0.451389 0.118750 0.330556
1 0.386719 0.456250 0.121875 0.029167
2 0.442578 0.457639 0.161719 0.234722
2 0.503906 0.455556 0.146875 0.277778
2 0.446484 0.240278 0.153906 0.252778
1 0.512109 0.505556 0.130469 0.030556
1 0.511328 0.525000 0.128906 0.011111
1 0.435156 0.524306 0.048438 0.012500
1 0.878516 0.527083 0.013281 0.031944
5 0.943359 0.451389 0.110156 0.208333
1 0.576953 0.421528 0.000781 0.034722
