1 0.912109 0.964583 0.174219 0.068056
2 0.036719 0.545833 0.073438 0.233333
2 0.053516 0.615972 0.107031 0.284722
2 0.077734 0.719444 0.155469 0.386111
2 0.020703 0.422917 0.041406 0.201389
2 0.293359 0.478472 0.153906 0.245833
2 0.244922 0.429167 0.108594 0.027778
2 0.195703 0.402083 0.113281 0.048611
2 0.362891 0.645139 0.175781 0.326389
1 0.515625 0.471528 0.120313 0.051389
1 0.516406 0.419444 0.128125 0.050000
1 0.516406 0.444444 0.128125 0.055556
2 0.591406 0.513889 0.139063 0.219444
2 0.696094 0.564583 0.175000 0.254167
2 0.597656 0.336111 0.150000 0.205556
2 0.696484 0.363889 0.183594 0.238889
2 0.087500 0.489583 0.098437 0.209722
2 0.100391 0.543750 0.072656 0.234722
2 0.122266 0.349306 0.136719 0.220833
2 0.165234 0.506250 0.152344 0.276389
2 0.225000 0.570833 0.181250 0.336111
1 0.583203 0.496528 0.057031 0.051389
1 0.580469 0.527778 0.060937 0.038889
1 0.528125 0.506944 0.043750 0.019444
1 0.601953 0.452778 0.044531 0.025000
1 0.566797 0.473611 0.089844 0.036111
5 0.967187 0.464583 0.064062 0.140278
1 0.829688 0.542361 0.096875 0.056944
1 0.830078 0.519444 0.096094 0.044444
