1 0.738672 0.672222 0.127344 0.047222
4 0.741016 0.642361 0.125781 0.051389
4 0.741797 0.609722 0.125781 0.050000
4 0.742188 0.573611 0.126562 0.063889
2 0.062500 0.629861 0.125000 0.131944
2 0.184766 0.852083 0.182031 0.293056
1 0.213672 0.655556 0.152344 0.063889
1 0.212500 0.604861 0.145313 0.048611
1 0.212891 0.628472 0.144531 0.059722
2 0.320312 0.695833 0.167187 0.227778
2 0.450391 0.736806 0.180469 0.251389
2 0.319531 0.507639 0.167187 0.220833
2 0.449609 0.531250 0.182031 0.243056
2 0.073438 0.818750 0.146875 0.359722
1 0.321484 0.687500 0.116406 0.069444
1 0.244922 0.675000 0.133594 0.063889
1 0.290234 0.618056 0.042969 0.033333
1 0.254297 0.643056 0.114844 0.047222
1 0.438281 0.639583 0.054688 0.034722
5 0.630469 0.588194 0.045312 0.129167
0 0.998047 0.582639 0.002344 0.029167
0 0.995313 0.389583 0.007812 0.040278
1 0.530078 0.688194 0.163281 0.073611
1 0.529687 0.662500 0.156250 0.058333
