2 0.735938 0.431250 0.115625 0.037500
2 0.828516 0.456944 0.052344 0.088889
2 0.737109 0.351389 0.114844 0.136111
2 0.865625 0.343750 0.125000 0.154167
2 0.485938 0.454861 0.098437 0.081944
0 0.284766 0.305556 0.036719 0.008333
2 0.703906 0.378472 0.287500 0.245833
2 0.682031 0.970833 0.489063 0.055556
2 0.701172 0.969444 0.589844 0.058333
2 0.499609 0.499306 0.999219 0.998611
2 0.707031 0.482639 0.178125 0.037500
2 0.020703 0.468056 0.041406 0.011111
2 0.051172 0.459722 0.102344 0.008333
2 0.050781 0.275694 0.101562 0.384722
2 0.116016 0.277083 0.232031 0.365278
2 0.951172 0.760417 0.096094 0.476389
2 0.926953 0.378472 0.144531 0.251389
2 0.851953 0.397222 0.052344 0.208333
3 0.118750 0.446528 0.068750 0.026389
