1 0.439453 0.452083 0.019531 0.037500
4 0.441797 0.422917 0.016406 0.056944
4 0.441406 0.387500 0.015625 0.055556
4 0.458984 0.352778 0.052344 0.058333
2 0.553906 0.765278 0.451562 0.466667
2 0.123438 0.940972 0.246875 0.115278
2 0.120703 0.651389 0.241406 0.691667
2 0.853125 0.759028 0.292187 0.170833
1 0.069531 0.684028 0.139063 0.090278
1 0.067578 0.606250 0.135156 0.056944
1 0.068359 0.638194 0.136719 0.095833
2 0.361328 0.638889 0.236719 0.377778
2 0.605469 0.593056 0.240625 0.294444
2 0.608203 0.339583 0.247656 0.329167
2 0.689063 0.834722 0.620313 0.327778
2 0.935547 0.809722 0.127344 0.341667
1 0.237500 0.537500 0.017188 0.036111
5 0.340625 0.360417 0.053125 0.073611
0 0.753125 0.118750 0.028125 0.037500
0 0.750000 0.213194 0.035937 0.031944
0 0.713281 0.215278 0.039062 0.027778
0 0.728516 0.379861 0.003906 0.026389
1 0.560547 0.536111 0.164844 0.072222
3 0.930469 0.277778 0.137500 0.352778
1 0.549219 0.494444 0.201563 0.083333
