2 0.218750 0.522222 0.114062 0.088889
3 0.296094 0.539583 0.179688 0.309722
1 0.151562 0.695833 0.006250 0.025000
2 0.615625 0.569444 0.015625 0.013889
2 0.533984 0.661111 0.164844 0.211111
2 0.898438 0.514583 0.132812 0.079167
2 0.624219 0.606944 0.214062 0.261111
2 0.976562 0.719444 0.010937 0.252778
2 0.871094 0.461111 0.223438 0.297222
2 0.436328 0.706250 0.207031 0.270833
2 0.768750 0.546528 0.128125 0.009722
2 0.643359 0.570139 0.125781 0.062500
1 0.771484 0.927778 0.313281 0.125000
2 0.444922 0.813889 0.350781 0.369444
2 0.182031 0.812500 0.295312 0.372222
2 0.163672 0.452083 0.327344 0.393056
2 0.980078 0.589583 0.000781 0.004167
2 0.596875 0.685417 0.051562 0.234722
2 0.488672 0.667361 0.183594 0.209722
1 0.088672 0.917361 0.138281 0.137500
1 0.088672 0.839583 0.157031 0.137500
