2 0.295703 0.683333 0.116406 0.122222
2 0.410547 0.681944 0.089844 0.119444
2 0.799219 0.636806 0.087500 0.148611
3 0.795703 0.649306 0.189844 0.443056
1 0.407422 0.820139 0.096094 0.043056
2 0.739453 0.950694 0.305469 0.095833
2 0.651563 0.876389 0.310937 0.166667
2 0.582422 0.840972 0.203906 0.234722
2 0.866016 0.861806 0.266406 0.273611
2 0.099609 0.793056 0.194531 0.380556
2 0.037891 0.965972 0.072656 0.065278
2 0.219531 0.792361 0.046875 0.120833
2 0.499609 0.499306 0.999219 0.998611
2 0.268750 0.538889 0.537500 0.919444
2 0.327344 0.825694 0.256250 0.054167
2 0.346094 0.777083 0.201563 0.098611
