1 0.025781 0.193056 0.051562 0.058333
1 0.026562 0.218750 0.053125 0.054167
2 0.199609 0.081944 0.133594 0.163889
3 0.286719 0.154861 0.196875 0.309722
1 0.066406 0.346528 0.132812 0.109722
2 0.911328 0.543056 0.161719 0.172222
2 0.712500 0.415278 0.196875 0.291667
2 0.533984 0.360417 0.188281 0.254167
2 0.940625 0.130556 0.117188 0.105556
2 0.626563 0.504167 0.256250 0.413889
2 0.880469 0.752778 0.237500 0.391667
2 0.888672 0.423611 0.221094 0.452778
2 0.413672 0.542361 0.236719 0.373611
2 0.805078 0.230556 0.152344 0.202778
2 0.666406 0.205556 0.143750 0.194444
2 0.574609 0.977083 0.028906 0.043056
2 0.127344 0.845833 0.254688 0.305556
2 0.363281 0.719444 0.464062 0.558333
2 0.900000 0.659028 0.198437 0.187500
2 0.909375 0.317361 0.179688 0.359722
2 0.677734 0.515972 0.219531 0.365278
2 0.477734 0.438889 0.210156 0.300000
