2 0.993359 0.770833 0.011719 0.211111
0 0.895703 0.438194 0.042969 0.023611
0 0.814063 0.493750 0.039062 0.026389
1 0.165625 0.838194 0.054688 0.054167
4 0.178516 0.788889 0.163281 0.080556
4 0.178125 0.749306 0.164062 0.079167
4 0.177344 0.698611 0.164062 0.102778
2 0.180078 0.960417 0.258594 0.076389
2 0.419922 0.943056 0.280469 0.111111
2 0.417578 0.772222 0.286719 0.436111
1 0.072266 0.955556 0.144531 0.086111
0 0.430469 0.411111 0.035937 0.041667
0 0.436719 0.581250 0.028125 0.009722
1 0.313281 0.963194 0.243750 0.070833
3 0.655469 0.547222 0.195312 0.363889
1 0.273047 0.934722 0.155469 0.091667
