2 0.714453 0.481250 0.252344 0.429167
2 0.802344 0.459028 0.373437 0.587500
1 0.816797 0.865972 0.364844 0.265278
1 0.002344 0.648611 0.004687 0.097222
1 0.002344 0.577778 0.004687 0.030556
2 0.370312 0.487500 0.198437 0.269444
0 0.607031 0.247222 0.029687 0.022222
0 0.596484 0.361111 0.024219 0.044444
1 0.002344 0.552778 0.004687 0.019444
4 0.002344 0.524306 0.004687 0.031944
4 0.002344 0.493056 0.004687 0.030556
4 0.002344 0.464583 0.004687 0.031944
0 0.185938 0.265972 0.023438 0.031944
3 0.427734 0.400694 0.221094 0.340278
