1 0.833984 0.980556 0.013281 0.036111
4 0.844531 0.955556 0.020313 0.086111
4 0.853125 0.930556 0.032813 0.136111
4 0.914062 0.902778 0.150000 0.191667
2 0.038672 0.589583 0.077344 0.240278
2 0.087891 0.525000 0.097656 0.208333
2 0.034766 0.412500 0.069531 0.227778
2 0.065625 0.366667 0.131250 0.197222
1 0.258594 0.631250 0.023438 0.029167
2 0.225391 0.727778 0.099219 0.225000
2 0.175781 0.820833 0.198437 0.355556
2 0.250000 0.489583 0.165625 0.273611
2 0.050391 0.479861 0.022656 0.004167
1 0.477734 0.641667 0.075781 0.080556
1 0.478125 0.672917 0.075000 0.076389
1 0.477734 0.701389 0.080469 0.086111
1 0.521484 0.643750 0.013281 0.062500
1 0.672656 0.790972 0.107813 0.056944
5 0.901953 0.721528 0.132031 0.190278
1 0.354687 0.850000 0.167187 0.166667
1 0.353516 0.815972 0.166406 0.148611
