1 0.895312 0.822222 0.207813 0.075000
4 0.898047 0.772222 0.202344 0.080556
4 0.898047 0.718750 0.202344 0.073611
4 0.898047 0.663889 0.202344 0.083333
1 0.069141 0.761806 0.138281 0.093056
1 0.065234 0.668750 0.130469 0.068056
1 0.065234 0.713194 0.130469 0.084722
2 0.160547 0.806944 0.303906 0.383333
2 0.381250 0.815278 0.354687 0.366667
2 0.166406 0.463889 0.293750 0.391667
1 0.204687 0.752778 0.228125 0.094444
1 0.200391 0.795833 0.236719 0.088889
1 0.201172 0.836806 0.225781 0.087500
1 0.044922 0.833333 0.086719 0.052778
1 0.169531 0.714583 0.078125 0.020833
1 0.059375 0.781250 0.045312 0.026389
1 0.359766 0.759028 0.010156 0.040278
5 0.719531 0.699306 0.060937 0.195833
1 0.564453 0.812500 0.264844 0.125000
1 0.545703 0.762500 0.286719 0.094444
