2 0.467578 0.729861 0.008594 0.029167
1 0.668359 0.733333 0.003906 0.005556
2 0.886719 0.615278 0.118750 0.133333
3 0.930859 0.603472 0.136719 0.315278
1 0.755078 0.693056 0.099219 0.030556
1 0.784766 0.719444 0.047656 0.027778
1 0.766406 0.747222 0.076563 0.030556
1 0.632031 0.735417 0.068750 0.009722
1 0.667578 0.743750 0.005469 0.009722
2 0.978516 0.701389 0.041406 0.161111
2 0.908984 0.784028 0.180469 0.365278
2 0.757031 0.786806 0.292187 0.368056
2 0.754687 0.420833 0.290625 0.363889
1 0.583984 0.802083 0.260156 0.093056
1 0.585156 0.740278 0.276562 0.083333
