1 0.619141 0.527778 0.155469 0.080556
4 0.622266 0.490278 0.157031 0.086111
4 0.622656 0.450694 0.157812 0.081944
4 0.622656 0.402778 0.157812 0.100000
1 0.010937 0.456944 0.021875 0.027778
2 0.046875 0.520139 0.093750 0.304167
2 0.096094 0.604167 0.192188 0.361111
1 0.091016 0.443056 0.138281 0.041667
1 0.155859 0.460417 0.000781 0.001389
1 0.431250 0.520833 0.153125 0.080556
5 0.514844 0.375000 0.096875 0.211111
0 0.925391 0.197222 0.047656 0.063889
0 0.919531 0.338194 0.062500 0.056944
0 0.862891 0.323611 0.066406 0.055556
0 0.853906 0.554167 0.064062 0.063889
1 0.258984 0.562500 0.147656 0.080556
1 0.257422 0.527778 0.163281 0.086111
