3 0.012500 0.634722 0.025000 0.372222
2 0.769922 0.872917 0.205469 0.251389
2 0.525781 0.818750 0.196875 0.176389
2 0.306641 0.873611 0.205469 0.250000
2 0.659375 0.663889 0.112500 0.200000
2 0.941016 0.899306 0.041406 0.037500
2 0.532422 0.847917 0.274219 0.301389
2 0.855859 0.917361 0.286719 0.162500
2 0.987891 0.958333 0.022656 0.080556
2 0.857031 0.720833 0.284375 0.394444
2 0.235937 0.915278 0.292187 0.166667
2 0.527734 0.739583 0.135156 0.201389
2 0.376172 0.738889 0.141406 0.202778
2 0.975000 0.939583 0.048438 0.118056
2 0.809375 0.888194 0.253125 0.220833
2 0.812500 0.667361 0.256250 0.318056
2 0.529687 0.814583 0.229687 0.315278
2 0.269141 0.827083 0.247656 0.343056
