2 0.348828 0.018750 0.132031 0.037500
2 0.486719 0.020139 0.126562 0.040278
1 0.670703 0.014583 0.128906 0.029167
1 0.669922 0.029167 0.136719 0.058333
2 0.919922 0.022222 0.125781 0.044444
3 0.832422 0.170139 0.333594 0.340278
1 0.458984 0.194444 0.135156 0.141667
1 0.171875 0.204167 0.192188 0.108333
2 0.053906 0.069444 0.107813 0.138889
2 0.520703 0.926389 0.277344 0.144444
2 0.530859 0.736111 0.247656 0.525000
2 0.027344 0.832639 0.054688 0.331944
2 0.095703 0.735417 0.191406 0.526389
2 0.193359 0.929167 0.302344 0.138889
2 0.259375 0.734722 0.306250 0.527778
