2 0.864453 0.294444 0.036719 0.136111
1 0.865234 0.475694 0.035156 0.034722
1 0.858594 0.510417 0.048438 0.031944
2 0.462109 0.395833 0.075781 0.008333
2 0.946484 0.381250 0.105469 0.762500
2 0.942578 0.303472 0.113281 0.590278
2 0.885156 0.372222 0.004687 0.402778
2 0.996484 0.005556 0.005469 0.011111
2 0.391016 0.195833 0.333594 0.391667
2 0.315234 0.197917 0.182031 0.395833
2 0.514062 0.381944 0.235937 0.097222
2 0.377734 0.499306 0.755469 0.998611
2 0.530859 0.375694 0.647656 0.751389
2 0.689063 0.196528 0.356250 0.393056
2 0.744531 0.210417 0.240625 0.420833
