1 0.063672 0.827778 0.127344 0.136111
1 0.070312 0.918056 0.140625 0.161111
1 0.635938 0.934722 0.564063 0.127778
2 0.507422 0.606250 0.082031 0.170833
2 0.467187 0.612500 0.118750 0.200000
2 0.371875 0.640278 0.189062 0.277778
2 0.293750 0.538889 0.115625 0.155556
2 0.202344 0.535417 0.142187 0.181944
0 0.457813 0.388889 0.037500 0.022222
2 0.558203 0.477083 0.107031 0.051389
2 0.701172 0.522917 0.136719 0.245833
2 0.771875 0.622222 0.029687 0.211111
2 0.784766 0.615972 0.024219 0.184722
2 0.746094 0.439583 0.100000 0.187500
2 0.666406 0.646528 0.167187 0.304167
2 0.109375 0.621528 0.171875 0.206944
2 0.045703 0.624306 0.091406 0.215278
2 0.571875 0.527083 0.021875 0.001389
2 0.563672 0.615972 0.122656 0.204167
2 0.516016 0.643056 0.178906 0.291667
