2 0.141016 0.556250 0.175781 0.309722
2 0.083594 0.693750 0.167187 0.393056
2 0.041016 0.813889 0.082031 0.369444
0 0.063281 0.131250 0.053125 0.056944
2 0.188281 0.373611 0.118750 0.247222
2 0.383984 0.584722 0.183594 0.386111
2 0.408984 0.541667 0.132031 0.275000
2 0.429297 0.461111 0.108594 0.241667
2 0.406250 0.334722 0.137500 0.286111
2 0.342187 0.814583 0.234375 0.368056
1 0.829688 0.556944 0.159375 0.125000
2 0.893750 0.691667 0.206250 0.388889
2 0.916797 0.815278 0.164844 0.366667
2 0.930859 0.565972 0.136719 0.479167
2 0.319531 0.455556 0.118750 0.247222
2 0.276562 0.555556 0.153125 0.300000
2 0.313672 0.267361 0.128906 0.234722
2 0.270313 0.334028 0.160938 0.287500
2 0.215625 0.693056 0.195312 0.391667
2 0.133594 0.813889 0.267188 0.369444
1 0.953516 0.597222 0.091406 0.008333
