3 0.297656 0.491667 0.595313 0.802778
1 0.869922 0.517361 0.258594 0.081944
1 0.876172 0.614583 0.246094 0.101389
1 0.981250 0.561111 0.035937 0.005556
1 0.844141 0.593750 0.007031 0.004167
4 0.893359 0.561111 0.130469 0.005556
2 0.290234 0.513194 0.002344 0.004167
2 0.110937 0.222917 0.004687 0.020833
2 0.368359 0.565972 0.164844 0.126389
1 0.378516 0.515972 0.082031 0.023611
2 0.481641 0.552778 0.153906 0.105556
2 0.608594 0.551389 0.173437 0.119444
2 0.311719 0.568750 0.051562 0.120833
1 0.465625 0.590278 0.032813 0.011111
1 0.708594 0.570833 0.026562 0.022222
5 0.774219 0.563889 0.056250 0.011111
1 0.718750 0.509028 0.046875 0.029167
1 0.717969 0.492361 0.045312 0.006944
