2 0.316797 0.883333 0.355469 0.230556
2 0.090234 0.990278 0.010156 0.016667
2 0.545703 0.970833 0.042969 0.055556
1 0.101172 0.922222 0.202344 0.083333
1 0.098437 0.827778 0.196875 0.086111
1 0.098828 0.870139 0.197656 0.093056
2 0.315625 0.884028 0.203125 0.229167
2 0.549219 0.874306 0.203125 0.248611
2 0.315625 0.658333 0.204687 0.288889
2 0.549609 0.653472 0.203906 0.281944
2 0.293359 0.925000 0.469531 0.147222
2 0.782422 0.915972 0.433594 0.165278
1 0.169922 0.913194 0.088281 0.051389
1 0.154688 0.950000 0.118750 0.075000
1 0.033203 0.964583 0.066406 0.054167
1 0.031641 0.950694 0.052344 0.026389
1 0.433984 0.815278 0.007031 0.038889
5 0.386328 0.737500 0.041406 0.141667
0 0.788672 0.657639 0.025781 0.029167
0 0.782813 0.485417 0.025000 0.034722
1 0.443359 0.818056 0.008594 0.033333
3 0.948438 0.644444 0.101562 0.341667
1 0.444922 0.801389 0.007031 0.063889
