3 0.051562 0.802083 0.103125 0.393056
1 0.693750 0.958333 0.328125 0.080556
1 0.846875 0.908333 0.214062 0.138889
1 0.848437 0.852083 0.229687 0.151389
1 0.846875 0.949306 0.214062 0.098611
1 0.871484 0.972917 0.164844 0.051389
1 0.903516 0.993056 0.099219 0.011111
1 0.740234 0.737500 0.114844 0.038889
4 0.742578 0.709722 0.114844 0.044444
4 0.742578 0.680556 0.114844 0.041667
4 0.742578 0.648611 0.114844 0.050000
2 0.016406 0.942361 0.032813 0.112500
2 0.116406 0.716667 0.187500 0.238889
2 0.019141 0.695833 0.038281 0.066667
2 0.000781 0.681250 0.001563 0.023611
2 0.003516 0.547917 0.007031 0.126389
2 0.228516 0.852083 0.205469 0.293056
1 0.267188 0.704861 0.125000 0.048611
1 0.267188 0.659028 0.125000 0.037500
1 0.267188 0.679861 0.125000 0.048611
2 0.363281 0.729167 0.143750 0.200000
2 0.475000 0.754861 0.159375 0.220833
2 0.019141 0.678472 0.038281 0.134722
2 0.114062 0.791667 0.215625 0.319444
1 0.362891 0.743750 0.100781 0.045833
1 0.290625 0.730556 0.110937 0.030556
1 0.337109 0.686806 0.017969 0.026389
1 0.290625 0.709028 0.110937 0.031944
1 0.602344 0.733333 0.090625 0.036111
5 0.640234 0.665972 0.046094 0.115278
0 0.976562 0.474306 0.035937 0.034722
0 0.976562 0.554167 0.032813 0.047222
0 0.935547 0.553472 0.041406 0.043056
0 0.936328 0.709722 0.041406 0.044444
1 0.546484 0.729167 0.136719 0.050000
1 0.546875 0.704167 0.145313 0.047222
