2 0.147266 0.723611 0.177344 0.344444
2 0.160156 0.921528 0.151562 0.123611
2 0.159766 0.920139 0.103906 0.120833
2 0.169531 0.593056 0.143750 0.244444
2 0.128125 0.823611 0.248438 0.350000
1 0.582031 0.859722 0.150000 0.036111
2 0.656641 0.856944 0.210156 0.283333
2 0.775781 0.839583 0.271875 0.318056
2 0.764062 0.527083 0.271875 0.398611
2 0.062891 0.859722 0.078906 0.213889
2 0.051562 0.865972 0.059375 0.265278
2 0.055859 0.634028 0.111719 0.215278
2 0.048047 0.590278 0.096094 0.258333
2 0.031250 0.846528 0.046875 0.304167
2 0.007812 0.832639 0.015625 0.331944
1 0.753906 0.947222 0.175000 0.033333
1 0.623828 0.943056 0.028906 0.022222
1 0.918750 0.870833 0.160938 0.052778
1 0.917969 0.813889 0.162500 0.055556
