3 0.343359 0.825000 0.686719 0.319444
1 0.946484 0.543056 0.105469 0.138889
2 0.028906 0.419444 0.050000 0.330556
2 0.093359 0.382639 0.186719 0.445833
2 0.255469 0.313889 0.217188 0.294444
2 0.137891 0.443750 0.167969 0.240278
2 0.073047 0.439583 0.136719 0.184722
2 0.383594 0.416667 0.250000 0.338889
1 0.442969 0.462500 0.134375 0.033333
2 0.549609 0.455556 0.171094 0.216667
2 0.692187 0.446528 0.198437 0.245833
2 0.550391 0.258333 0.172656 0.238889
2 0.689844 0.220139 0.201563 0.265278
2 0.008984 0.386111 0.008594 0.075000
2 0.054297 0.438194 0.099219 0.256944
2 0.111328 0.423611 0.214844 0.319444
2 0.236328 0.402083 0.272656 0.384722
1 0.551953 0.458333 0.086719 0.030556
1 0.550781 0.486111 0.084375 0.027778
1 0.530078 0.510417 0.042969 0.020833
1 0.494922 0.547917 0.058594 0.012500
1 0.459766 0.552778 0.107031 0.005556
5 0.878125 0.468750 0.071875 0.170833
1 0.827734 0.455556 0.072656 0.036111
1 0.827344 0.422222 0.071875 0.038889
