1 0.989062 0.652778 0.020313 0.075000
1 0.988672 0.709028 0.021094 0.079167
1 0.509766 0.513889 0.119531 0.036111
4 0.532813 0.481944 0.071875 0.041667
4 0.535156 0.448611 0.067187 0.038889
4 0.534375 0.418056 0.068750 0.038889
2 0.017578 0.729167 0.035156 0.538889
2 0.134766 0.629861 0.269531 0.431944
2 0.166797 0.500694 0.122656 0.237500
2 0.313672 0.513889 0.207031 0.261111
2 0.117578 0.271528 0.214844 0.251389
2 0.311328 0.269444 0.208594 0.261111
2 0.092969 0.488889 0.185938 0.530556
1 0.443359 0.519444 0.111719 0.038889
0 0.771094 0.205556 0.029687 0.036111
0 0.746484 0.372222 0.053906 0.061111
1 0.364453 0.488889 0.169531 0.044444
3 0.943359 0.370139 0.111719 0.368056
1 0.364063 0.454861 0.168750 0.040278
