2 0.219531 0.379861 0.146875 0.187500
2 0.341406 0.366667 0.137500 0.177778
2 0.339062 0.215278 0.139063 0.166667
1 0.488281 0.413194 0.120313 0.045833
2 0.700000 0.297917 0.120313 0.170833
3 0.771094 0.306250 0.259375 0.398611
1 0.487891 0.488194 0.142969 0.079167
1 0.276562 0.504861 0.164062 0.087500
1 0.277734 0.544444 0.163281 0.086111
2 0.033594 0.450694 0.067187 0.245833
2 0.916016 0.590972 0.166406 0.498611
2 0.759375 0.687500 0.323437 0.494444
2 0.176563 0.861111 0.335938 0.275000
2 0.151172 0.779167 0.302344 0.438889
2 0.989844 0.861111 0.018750 0.058333
2 0.844922 0.634028 0.203906 0.434722
