2 0.983594 0.709028 0.031250 0.159722
0 0.815234 0.541667 0.035156 0.008333
0 0.739453 0.614583 0.027344 0.004167
2 0.962891 0.440278 0.072656 0.725000
2 0.771484 0.499306 0.455469 0.998611
2 0.499609 0.499306 0.999219 0.998611
1 0.128125 0.707639 0.256250 0.045833
1 0.122656 0.552083 0.245312 0.115278
1 0.122266 0.640972 0.244531 0.098611
2 0.346484 0.742361 0.339844 0.493056
2 0.606641 0.737500 0.189844 0.386111
2 0.345313 0.295833 0.362500 0.505556
1 0.030859 0.929861 0.061719 0.070833
1 0.517578 0.734028 0.010156 0.040278
3 0.602734 0.647222 0.158594 0.316667
1 0.514062 0.686111 0.003125 0.041667
