2 0.185547 0.625000 0.241406 0.411111
2 0.339062 0.749306 0.293750 0.498611
2 0.550781 0.801389 0.375000 0.394444
2 0.082031 0.420139 0.164062 0.323611
2 0.608984 0.448611 0.252344 0.305556
2 0.438672 0.497917 0.202344 0.204167
2 0.298047 0.452083 0.124219 0.276389
2 0.436328 0.277083 0.213281 0.295833
2 0.878125 0.750000 0.179688 0.411111
1 0.755469 0.412500 0.050000 0.052778
1 0.700391 0.343056 0.172656 0.063889
1 0.712500 0.371528 0.146875 0.073611
2 0.849609 0.439583 0.200781 0.231944
2 0.959375 0.484028 0.079687 0.265278
2 0.858594 0.243056 0.209375 0.261111
2 0.199219 0.414583 0.189062 0.168056
2 0.324609 0.559028 0.221094 0.301389
2 0.319141 0.308333 0.228906 0.330556
2 0.485156 0.502083 0.275000 0.348611
2 0.715625 0.661111 0.342187 0.538889
1 0.796094 0.434028 0.131250 0.070833
1 0.998047 0.447917 0.002344 0.029167
