1 0.921094 0.839583 0.156250 0.318056
1 0.996875 0.536111 0.004687 0.077778
1 0.787500 0.168056 0.104688 0.044444
2 0.070312 0.124306 0.140625 0.248611
2 0.167578 0.250000 0.302344 0.394444
1 0.185547 0.123611 0.110156 0.041667
2 0.330078 0.140972 0.189844 0.240278
2 0.485156 0.158333 0.206250 0.263889
2 0.329297 0.019444 0.186719 0.038889
2 0.484766 0.023611 0.205469 0.047222
2 0.090234 0.299306 0.180469 0.465278
1 0.201953 0.183333 0.078906 0.030556
1 0.679688 0.171528 0.128125 0.040278
5 0.644531 0.163194 0.004687 0.001389
0 0.996484 0.127083 0.005469 0.031944
1 0.564453 0.137500 0.172656 0.044444
1 0.565234 0.102083 0.183594 0.045833
