3 0.085156 0.847222 0.170313 0.302778
1 0.964453 0.947222 0.069531 0.102778
1 0.921484 0.463889 0.138281 0.055556
4 0.924609 0.434028 0.132031 0.056944
4 0.926172 0.402778 0.132031 0.055556
4 0.927734 0.366667 0.132031 0.066667
2 0.008984 0.576389 0.017969 0.222222
2 0.056250 0.637500 0.112500 0.311111
2 0.113672 0.755556 0.227344 0.419444
2 0.257422 0.470833 0.191406 0.280556
2 0.164062 0.502083 0.145313 0.251389
2 0.091016 0.443056 0.141406 0.191667
2 0.369141 0.629861 0.207031 0.337500
1 0.396094 0.422917 0.089063 0.051389
2 0.514062 0.460417 0.150000 0.212500
2 0.632812 0.506250 0.173437 0.237500
2 0.513672 0.286111 0.157031 0.208333
2 0.637109 0.313889 0.174219 0.233333
2 0.016797 0.399306 0.033594 0.062500
2 0.069141 0.551389 0.138281 0.250000
2 0.064844 0.338194 0.129688 0.254167
2 0.141406 0.606250 0.196875 0.320833
2 0.252734 0.687500 0.225781 0.377778
1 0.412500 0.451389 0.054688 0.027778
1 0.810547 0.462500 0.052344 0.041667
5 0.809375 0.324306 0.073438 0.098611
1 0.708984 0.466667 0.150781 0.063889
1 0.709766 0.441667 0.149219 0.058333
