1 0.573438 0.701389 0.007812 0.011111
4 0.573828 0.670833 0.008594 0.013889
2 0.741406 0.518750 0.515625 0.534722
2 0.945703 0.556250 0.107031 0.418056
2 0.230078 0.327778 0.460156 0.655556
2 0.770703 0.465972 0.296094 0.381944
2 0.493750 0.601389 0.301563 0.347222
2 0.139063 0.665278 0.278125 0.144444
2 0.896094 0.722917 0.089063 0.084722
1 0.226953 0.639583 0.000781 0.020833
2 0.507422 0.639583 0.185156 0.231944
2 0.687109 0.631944 0.191406 0.213889
2 0.171484 0.662500 0.342969 0.150000
2 0.586719 0.568750 0.404687 0.434722
2 0.863672 0.427083 0.271094 0.459722
1 0.158984 0.714583 0.108594 0.004167
1 0.166016 0.649306 0.121094 0.009722
1 0.165625 0.706250 0.121875 0.020833
1 0.435937 0.702778 0.017188 0.019444
1 0.578906 0.636806 0.018750 0.026389
3 0.907422 0.690278 0.044531 0.019444
1 0.566016 0.596528 0.063281 0.015278
