1 0.673047 0.497917 0.136719 0.037500
4 0.676172 0.461806 0.135156 0.045833
4 0.676562 0.425000 0.135937 0.041667
4 0.676562 0.389583 0.135937 0.043056
2 0.139844 0.600694 0.279687 0.504167
1 0.143359 0.449306 0.042969 0.037500
1 0.139844 0.384722 0.039062 0.022222
1 0.140234 0.414583 0.038281 0.037500
2 0.226172 0.464583 0.211719 0.254167
2 0.413672 0.484722 0.233594 0.291667
2 0.217969 0.211806 0.226562 0.273611
2 0.412109 0.202778 0.236719 0.300000
2 0.062109 0.381250 0.124219 0.570833
1 0.203125 0.492361 0.112500 0.045833
1 0.206641 0.520139 0.102344 0.034722
1 0.165234 0.447917 0.000781 0.023611
1 0.287109 0.482639 0.024219 0.029167
5 0.544531 0.454167 0.029687 0.083333
0 0.982422 0.142361 0.033594 0.043056
0 0.986328 0.357639 0.025781 0.031944
1 0.558203 0.459028 0.057031 0.051389
1 0.555859 0.421528 0.052344 0.043056
