1 0.594141 0.900000 0.297656 0.197222
2 0.951172 0.818750 0.096094 0.359722
1 0.841016 0.337500 0.132031 0.063889
4 0.845703 0.306944 0.135156 0.069444
4 0.847656 0.275694 0.135937 0.065278
4 0.848437 0.237500 0.134375 0.080556
2 0.077734 0.322222 0.155469 0.275000
2 0.023828 0.354167 0.047656 0.158333
2 0.012891 0.192361 0.025781 0.026389
2 0.044922 0.161806 0.089844 0.226389
2 0.143750 0.487500 0.178125 0.327778
1 0.318750 0.266667 0.114062 0.058333
2 0.386719 0.315972 0.139063 0.212500
2 0.472656 0.366667 0.156250 0.258333
2 0.384766 0.143056 0.141406 0.216667
2 0.021484 0.429861 0.042969 0.243056
2 0.051562 0.521528 0.103125 0.326389
1 0.420703 0.277083 0.122656 0.068056
1 0.421094 0.304167 0.121875 0.058333
1 0.345313 0.291667 0.029687 0.025000
1 0.676562 0.312500 0.065625 0.041667
5 0.748828 0.213194 0.078906 0.176389
1 0.572266 0.335417 0.139844 0.076389
1 0.572656 0.311111 0.150000 0.075000
