1 0.870313 0.934722 0.257812 0.127778
2 0.900781 0.687500 0.196875 0.336111
0 0.878906 0.275694 0.048438 0.045833
0 0.809766 0.344444 0.042969 0.052778
1 0.080469 0.604167 0.076563 0.041667
4 0.080469 0.568056 0.079687 0.047222
4 0.078516 0.529167 0.080469 0.047222
4 0.076172 0.480556 0.083594 0.066667
2 0.028906 0.974306 0.004687 0.048611
2 0.022656 0.789583 0.045312 0.373611
2 0.013672 0.968750 0.027344 0.059722
0 0.338672 0.231250 0.025781 0.040278
0 0.339844 0.318750 0.032813 0.054167
0 0.296875 0.322917 0.042188 0.051389
0 0.301172 0.496528 0.042969 0.054167
1 0.021094 0.709028 0.042188 0.068056
3 0.597266 0.390278 0.271094 0.375000
1 0.023438 0.650000 0.046875 0.102778
