2 0.590234 0.122917 0.117969 0.154167
2 0.683984 0.109028 0.117969 0.154167
2 0.591406 0.032639 0.118750 0.065278
1 0.808984 0.106250 0.102344 0.029167
1 0.807031 0.138194 0.098437 0.020833
1 0.808594 0.153472 0.101562 0.026389
2 0.969922 0.063194 0.058594 0.126389
3 0.975781 0.225694 0.046875 0.065278
1 0.826172 0.232639 0.119531 0.068056
1 0.672266 0.217361 0.133594 0.068056
1 0.675781 0.247222 0.125000 0.061111
1 0.679688 0.277083 0.123438 0.059722
2 0.458203 0.190278 0.122656 0.205556
0 0.039844 0.059028 0.040625 0.023611
2 0.985547 0.359028 0.027344 0.201389
1 0.985547 0.890972 0.027344 0.095833
1 0.991016 0.755556 0.016406 0.080556
1 0.988281 0.823611 0.021875 0.088889
2 0.867969 0.727778 0.262500 0.508333
2 0.724609 0.548611 0.241406 0.411111
2 0.874609 0.375000 0.249219 0.530556
2 0.739844 0.249306 0.270313 0.398611
1 0.876953 0.960417 0.235156 0.076389
1 0.174609 0.959722 0.214844 0.077778
1 0.539062 0.603472 0.225000 0.173611
3 0.018359 0.206250 0.036719 0.412500
1 0.539453 0.550000 0.242969 0.186111
