2 0.948828 0.538889 0.100781 0.236111
2 0.953125 0.322917 0.092188 0.240278
1 0.976172 0.800000 0.046094 0.105556
1 0.979688 0.868750 0.039062 0.056944
1 0.973828 0.918056 0.050781 0.086111
1 0.680859 0.687500 0.246094 0.152778
1 0.680078 0.745833 0.247656 0.130556
1 0.678906 0.793750 0.246875 0.134722
2 0.591016 0.531250 0.182031 0.256944
0 0.459766 0.224306 0.042969 0.018056
0 0.387109 0.293750 0.039844 0.023611
2 0.194922 0.948611 0.158594 0.100000
2 0.339844 0.886111 0.671875 0.225000
3 0.191797 0.359722 0.260156 0.402778
