2 0.063672 0.539583 0.127344 0.176389
3 0.175000 0.559722 0.176563 0.413889
1 0.025000 0.791667 0.050000 0.066667
1 0.025391 0.829167 0.050781 0.061111
2 0.923047 0.704167 0.150781 0.086111
2 0.648438 0.752083 0.004687 0.229167
2 0.541406 0.752083 0.164062 0.243056
2 0.979688 0.566667 0.039062 0.191667
2 0.848437 0.562500 0.142187 0.191667
2 0.767969 0.810417 0.231250 0.345833
2 0.513281 0.868056 0.206250 0.261111
2 0.712500 0.584028 0.125000 0.109722
2 0.573438 0.615278 0.121875 0.180556
2 0.848437 0.846528 0.301563 0.304167
2 0.431250 0.836111 0.407813 0.325000
2 0.889453 0.728472 0.016406 0.026389
2 0.937500 0.606250 0.123438 0.276389
2 0.748437 0.731250 0.200000 0.287500
2 0.526563 0.730556 0.193750 0.302778
