1 0.038672 0.834722 0.077344 0.197222
2 0.315234 0.609028 0.630469 0.779167
2 0.305859 0.211111 0.142969 0.019444
2 0.200781 0.211111 0.184375 0.019444
2 0.084375 0.211111 0.168750 0.019444
2 0.109766 0.174306 0.117969 0.093056
2 0.039062 0.172222 0.078125 0.094444
0 0.289844 0.040972 0.040625 0.040278
2 0.378125 0.172222 0.126562 0.100000
2 0.446094 0.154861 0.176563 0.137500
2 0.515625 0.311806 0.140625 0.220833
2 0.560937 0.284028 0.120313 0.165278
2 0.360938 0.361806 0.231250 0.320833
1 0.900781 0.319444 0.115625 0.041667
2 0.907422 0.332639 0.152344 0.262500
2 0.897266 0.389583 0.203906 0.373611
2 0.473047 0.211806 0.119531 0.023611
2 0.405859 0.308333 0.142969 0.213889
2 0.473438 0.109722 0.120313 0.180556
2 0.406250 0.100694 0.148438 0.201389
2 0.323047 0.310417 0.177344 0.218056
2 0.208594 0.354861 0.229687 0.306944
1 0.990625 0.376389 0.010937 0.041667
1 0.988281 0.417361 0.010937 0.054167
