2 0.717969 0.528472 0.140625 0.190278
2 0.846484 0.555556 0.150781 0.200000
2 0.850000 0.388889 0.153125 0.191667
1 0.974219 0.658333 0.050000 0.063889
3 0.932813 0.859028 0.132812 0.101389
1 0.708203 0.718056 0.177344 0.113889
1 0.471094 0.662500 0.160938 0.086111
2 0.432031 0.531250 0.137500 0.195833
0 0.342578 0.296528 0.033594 0.029167
0 0.286719 0.352083 0.032813 0.031944
2 0.162500 0.934028 0.325000 0.129167
2 0.376563 0.865972 0.335938 0.265278
2 0.116797 0.766667 0.233594 0.238889
2 0.067187 0.818056 0.134375 0.361111
2 0.217578 0.752778 0.330469 0.400000
3 0.133594 0.409028 0.203125 0.309722
