2 0.328516 0.386111 0.146094 0.191667
2 0.439063 0.365278 0.134375 0.177778
2 0.326172 0.225694 0.147656 0.184722
2 0.437500 0.215278 0.137500 0.172222
1 0.573047 0.379861 0.116406 0.051389
1 0.572656 0.406250 0.117188 0.045833
2 0.789453 0.288889 0.139844 0.169444
3 0.872266 0.311806 0.235156 0.395833
1 0.617578 0.497222 0.150781 0.088889
1 0.451953 0.553472 0.139844 0.081944
2 0.159766 0.468750 0.169531 0.234722
2 0.931641 0.701389 0.135156 0.394444
2 0.628125 0.838889 0.317188 0.319444
2 0.825000 0.676389 0.348438 0.644444
2 0.978516 0.629167 0.041406 0.288889
