2 0.749609 0.373611 0.133594 0.152778
2 0.868750 0.374306 0.129688 0.159722
2 0.753906 0.233333 0.135937 0.163889
2 0.869531 0.230556 0.140625 0.161111
1 0.973047 0.435417 0.052344 0.043056
1 0.968750 0.520833 0.060937 0.075000
1 0.799219 0.479167 0.173437 0.072222
1 0.801953 0.516667 0.166406 0.058333
1 0.817578 0.550694 0.121094 0.048611
2 0.565234 0.436806 0.113281 0.218056
0 0.258203 0.195139 0.038281 0.015278
0 0.157422 0.274306 0.041406 0.018056
2 0.784375 0.874306 0.271875 0.248611
2 0.705469 0.793750 0.287500 0.409722
2 0.716016 0.482639 0.303906 0.498611
1 0.427734 0.933333 0.236719 0.130556
3 0.061328 0.376389 0.122656 0.475000
1 0.426953 0.881944 0.219531 0.125000
