1 0.749219 0.417361 0.128125 0.137500
4 0.773828 0.368750 0.172656 0.143056
4 0.769531 0.317361 0.160938 0.134722
4 0.779297 0.264583 0.177344 0.140278
1 0.151172 0.170833 0.055469 0.036111
2 0.114062 0.218056 0.143750 0.277778
2 0.081250 0.315278 0.162500 0.347222
2 0.074219 0.107639 0.148438 0.215278
1 0.332031 0.105556 0.031250 0.058333
1 0.330469 0.075000 0.029687 0.055556
1 0.333984 0.136111 0.032031 0.058333
1 0.335938 0.164583 0.034375 0.062500
1 0.351953 0.197917 0.003906 0.056944
1 0.351953 0.240278 0.000781 0.027778
1 0.353906 0.184028 0.001563 0.054167
1 0.517188 0.242361 0.118750 0.093056
5 0.724609 0.198611 0.116406 0.258333
0 0.993359 0.471528 0.011719 0.070833
1 0.250781 0.301389 0.145313 0.133333
1 0.248828 0.294444 0.135156 0.058333
