1 0.959766 0.761806 0.078906 0.065278
2 0.967578 0.637500 0.063281 0.188889
2 0.110547 0.717361 0.221094 0.562500
2 0.541406 0.718750 0.559375 0.559722
2 0.081641 0.526389 0.163281 0.469444
2 0.356641 0.732639 0.327344 0.462500
2 0.045703 0.644444 0.091406 0.202778
2 0.257422 0.675000 0.182031 0.269444
2 0.249609 0.409722 0.200781 0.277778
2 0.085156 0.746528 0.170313 0.504167
2 0.426172 0.739583 0.411719 0.518056
1 0.048047 0.726389 0.086719 0.005556
5 0.073047 0.559028 0.017969 0.020833
0 0.493750 0.408333 0.029687 0.033333
0 0.458594 0.645833 0.037500 0.025000
3 0.732031 0.551389 0.206250 0.313889
