3 0.092969 0.665972 0.185938 0.665278
1 0.783203 0.948611 0.260156 0.100000
1 0.953125 0.672917 0.092188 0.184722
1 0.951172 0.733333 0.096094 0.127778
1 0.949609 0.806250 0.099219 0.131944
1 0.951172 0.309028 0.096094 0.065278
2 0.026953 0.290972 0.053906 0.073611
2 0.071484 0.428472 0.142969 0.265278
2 0.155078 0.516667 0.199219 0.338889
2 0.288281 0.288194 0.176563 0.254167
2 0.194922 0.323611 0.147656 0.177778
2 0.130078 0.279861 0.132031 0.087500
2 0.187891 0.145833 0.157031 0.216667
2 0.395703 0.438194 0.200781 0.312500
1 0.446875 0.262500 0.125000 0.052778
1 0.446484 0.213889 0.132031 0.047222
1 0.446484 0.236806 0.132031 0.054167
2 0.540625 0.294444 0.146875 0.213889
2 0.653906 0.338194 0.170313 0.229167
2 0.659375 0.150694 0.171875 0.223611
2 0.045312 0.277083 0.090625 0.098611
2 0.092188 0.283333 0.156250 0.077778
2 0.039844 0.134722 0.079687 0.205556
2 0.084375 0.164583 0.167187 0.237500
2 0.174219 0.320139 0.184375 0.284722
2 0.277734 0.377778 0.211719 0.330556
1 0.544922 0.256944 0.100781 0.055556
1 0.535156 0.282639 0.118750 0.048611
1 0.542969 0.303472 0.110937 0.048611
1 0.442969 0.295139 0.050000 0.029167
1 0.511328 0.231250 0.039844 0.012500
1 0.451172 0.269444 0.049219 0.016667
1 0.848437 0.321528 0.112500 0.043056
5 0.838281 0.198611 0.056250 0.063889
1 0.731250 0.305556 0.148438 0.061111
1 0.732031 0.281250 0.146875 0.054167
