2 0.009766 0.484722 0.019531 0.325000
1 0.502344 0.742361 0.406250 0.259722
1 0.501953 0.850694 0.402344 0.223611
1 0.544922 0.510417 0.200781 0.137500
1 0.545312 0.567361 0.184375 0.131944
2 0.857031 0.402083 0.225000 0.312500
1 0.329297 0.331944 0.119531 0.033333
4 0.330859 0.302083 0.117969 0.040278
4 0.330469 0.270833 0.118750 0.038889
4 0.330078 0.240972 0.119531 0.040278
2 0.076563 0.339583 0.153125 0.237500
2 0.073438 0.122917 0.146875 0.234722
1 0.110937 0.334028 0.142187 0.026389
5 0.220703 0.275000 0.041406 0.125000
0 0.570312 0.215278 0.025000 0.027778
0 0.564063 0.040972 0.029687 0.034722
1 0.130078 0.314583 0.174219 0.045833
3 0.803906 0.194444 0.287500 0.375000
1 0.128516 0.284028 0.167969 0.040278
