2 0.200781 0.499306 0.401562 0.998611
3 0.064453 0.499306 0.128906 0.998611
1 0.769922 0.754167 0.458594 0.144444
1 0.772656 0.649306 0.453125 0.115278
1 0.778125 0.859028 0.442188 0.159722
1 0.771875 0.918056 0.454688 0.161111
1 0.740234 0.955556 0.366406 0.086111
1 0.812109 0.647917 0.202344 0.031944
1 0.814063 0.611806 0.203125 0.062500
1 0.812109 0.731250 0.210156 0.037500
1 0.865234 0.743056 0.002344 0.005556
1 0.535156 0.731250 0.014063 0.004167
4 0.542188 0.689583 0.010937 0.029167
4 0.545312 0.659028 0.003125 0.029167
4 0.545312 0.627083 0.003125 0.031944
2 0.136719 0.740278 0.028125 0.297222
2 0.171875 0.689583 0.093750 0.209722
2 0.214062 0.692361 0.009375 0.212500
1 0.177734 0.631250 0.061719 0.029167
1 0.166797 0.605556 0.083594 0.025000
1 0.178906 0.657639 0.064062 0.031944
1 0.177344 0.686111 0.060937 0.033333
1 0.177344 0.711806 0.060937 0.034722
1 0.178906 0.731250 0.059375 0.026389
1 0.479297 0.720139 0.125781 0.031944
5 0.459766 0.601389 0.014844 0.063889
0 0.805078 0.425000 0.022656 0.036111
0 0.783594 0.568750 0.051562 0.023611
1 0.426172 0.681944 0.050781 0.036111
1 0.425781 0.651389 0.050000 0.033333
