1 0.987891 0.644444 0.022656 0.038889
4 0.988672 0.606250 0.021094 0.043056
4 0.989844 0.566667 0.018750 0.041667
4 0.990625 0.515972 0.017188 0.068056
2 0.380078 0.842361 0.441406 0.312500
2 0.083203 0.939583 0.166406 0.118056
2 0.110937 0.716667 0.221875 0.544444
2 0.644922 0.976389 0.022656 0.044444
1 0.369922 0.718750 0.222656 0.068056
1 0.367188 0.655556 0.231250 0.086111
1 0.369531 0.694444 0.232813 0.100000
2 0.587109 0.783333 0.239844 0.352778
2 0.848437 0.829167 0.254688 0.338889
2 0.590234 0.499306 0.246094 0.348611
2 0.858203 0.529861 0.263281 0.381944
2 0.253906 0.913194 0.507812 0.170833
2 0.693359 0.969444 0.247656 0.058333
1 0.499219 0.720139 0.093750 0.087500
1 0.655469 0.652778 0.145313 0.044444
5 0.754687 0.486111 0.020313 0.069444
1 0.857422 0.727083 0.200781 0.087500
1 0.857812 0.697917 0.200000 0.073611
