2 0.046875 0.327778 0.093750 0.319444
2 0.076172 0.449306 0.152344 0.393056
2 0.132812 0.597222 0.240625 0.480556
2 0.012109 0.118056 0.024219 0.147222
2 0.330859 0.182639 0.185156 0.198611
2 0.217969 0.216667 0.093750 0.205556
2 0.188281 0.186111 0.134375 0.250000
2 0.457422 0.452083 0.169531 0.395833
1 0.537109 0.159722 0.142969 0.080556
1 0.537109 0.107639 0.136719 0.068056
1 0.537500 0.133333 0.135937 0.075000
2 0.634375 0.227083 0.171875 0.245833
2 0.760156 0.294444 0.198437 0.305556
2 0.641016 0.079167 0.169531 0.158333
2 0.080469 0.203472 0.146875 0.215278
2 0.134375 0.269444 0.157812 0.255556
2 0.070312 0.072222 0.140625 0.144444
2 0.198047 0.263194 0.185156 0.298611
2 0.297266 0.406250 0.227344 0.426389
1 0.639844 0.197222 0.132812 0.077778
1 0.579297 0.167361 0.122656 0.062500
1 0.606641 0.128472 0.030469 0.018056
1 0.617188 0.138889 0.025000 0.038889
1 0.762891 0.152778 0.024219 0.038889
5 0.981641 0.122917 0.035156 0.148611
1 0.854688 0.257639 0.182812 0.104167
1 0.856250 0.227778 0.176563 0.091667
