1 0.557031 0.629167 0.110937 0.025000
4 0.559375 0.600694 0.106250 0.031944
4 0.609766 0.571528 0.005469 0.026389
2 0.008594 0.859722 0.017188 0.277778
2 0.248438 0.857639 0.462500 0.281944
2 0.760156 0.854861 0.467187 0.287500
2 0.317578 0.610417 0.282031 0.284722
2 0.074219 0.765972 0.148438 0.309722
2 0.073047 0.458333 0.146094 0.377778
2 0.629687 0.802083 0.281250 0.393056
1 0.130859 0.670139 0.160156 0.040278
2 0.341797 0.589583 0.177344 0.106944
2 0.548828 0.661111 0.174219 0.252778
2 0.548828 0.438194 0.175781 0.240278
2 0.047656 0.826389 0.095312 0.344444
2 0.282422 0.704861 0.349219 0.106944
2 0.680469 0.822917 0.350000 0.351389
1 0.163672 0.704167 0.032031 0.030556
1 0.087891 0.731250 0.094531 0.034722
1 0.363281 0.638194 0.050000 0.006944
0 0.793750 0.343750 0.023438 0.031944
0 0.772656 0.491667 0.050000 0.055556
1 0.535156 0.625694 0.146875 0.048611
3 0.950000 0.490972 0.098437 0.318056
1 0.539062 0.597917 0.139063 0.037500
