3 0.296094 0.972917 0.023438 0.051389
1 0.530469 0.976389 0.254688 0.044444
1 0.489453 0.700694 0.155469 0.195833
2 0.730859 0.452778 0.208594 0.300000
1 0.164062 0.265278 0.125000 0.047222
4 0.164844 0.235417 0.123438 0.054167
4 0.163281 0.204861 0.125000 0.051389
4 0.161719 0.175000 0.125000 0.052778
2 0.008594 0.368056 0.017188 0.216667
5 0.061328 0.184028 0.021094 0.168056
0 0.412109 0.145139 0.016406 0.029167
1 0.034375 0.328472 0.068750 0.073611
3 0.639844 0.159028 0.262500 0.318056
1 0.031641 0.297917 0.063281 0.065278
