1 0.925391 0.610417 0.147656 0.043056
4 0.927344 0.573611 0.143750 0.047222
4 0.927344 0.534028 0.143750 0.043056
4 0.927344 0.497917 0.143750 0.043056
2 0.171484 0.446528 0.022656 0.312500
2 0.028906 0.654861 0.042188 0.029167
2 0.195703 0.615278 0.291406 0.405556
1 0.311328 0.537500 0.157031 0.036111
1 0.310937 0.472222 0.157812 0.030556
1 0.311328 0.504861 0.157031 0.034722
2 0.430859 0.552778 0.186719 0.241667
2 0.579688 0.565972 0.218750 0.276389
2 0.577344 0.302083 0.223438 0.281944
2 0.080469 0.429861 0.160938 0.451389
1 0.409766 0.490972 0.125781 0.031944
1 0.433594 0.459722 0.142187 0.030556
1 0.417578 0.522222 0.110156 0.033333
1 0.400000 0.554167 0.075000 0.033333
1 0.398438 0.584028 0.076563 0.034722
1 0.398438 0.604861 0.076563 0.020833
1 0.322656 0.606250 0.085938 0.026389
1 0.336719 0.546528 0.098437 0.023611
1 0.294531 0.577083 0.020313 0.012500
1 0.726562 0.590972 0.076563 0.023611
5 0.793359 0.538889 0.057031 0.141667
1 0.729297 0.552778 0.082031 0.041667
1 0.732422 0.513889 0.088281 0.041667
