1 0.862500 0.899306 0.085938 0.154167
4 0.905469 0.843056 0.170313 0.158333
4 0.906641 0.787500 0.169531 0.155556
4 0.908594 0.729167 0.171875 0.141667
2 0.001563 0.447222 0.003125 0.130556
2 0.008984 0.521528 0.017969 0.195833
2 0.051562 0.575694 0.103125 0.209722
2 0.091797 0.541667 0.128906 0.183333
2 0.088281 0.387500 0.131250 0.163889
1 0.283594 0.572222 0.003125 0.002778
1 0.268750 0.569444 0.010937 0.005556
2 0.266406 0.563889 0.031250 0.019444
2 0.196875 0.711806 0.189062 0.312500
2 0.267969 0.425694 0.153125 0.209722
2 0.190234 0.468056 0.196094 0.275000
2 0.043359 0.532639 0.086719 0.148611
2 0.005078 0.539583 0.010156 0.137500
2 0.041797 0.384028 0.083594 0.159722
1 0.474609 0.639583 0.094531 0.062500
1 0.473438 0.672222 0.092188 0.055556
1 0.527344 0.637500 0.015625 0.052778
1 0.489844 0.582639 0.090625 0.048611
1 0.489844 0.610417 0.090625 0.051389
1 0.668750 0.775000 0.129688 0.094444
5 0.880469 0.630556 0.095312 0.063889
1 0.361719 0.715278 0.170313 0.111111
3 0.987109 0.752778 0.024219 0.491667
1 0.362109 0.677778 0.160156 0.097222
