1 0.989062 0.945139 0.020313 0.106944
4 0.990625 0.935417 0.017188 0.087500
4 0.990625 0.837500 0.017188 0.155556
4 0.991016 0.745139 0.016406 0.076389
2 0.092188 0.475694 0.134375 0.059722
2 0.033203 0.570139 0.066406 0.201389
2 0.021484 0.411111 0.042969 0.122222
0 0.119531 0.279861 0.034375 0.037500
2 0.177344 0.468750 0.114062 0.068056
2 0.158594 0.521528 0.162500 0.218056
2 0.246094 0.548611 0.129688 0.194444
2 0.307812 0.517361 0.112500 0.170833
2 0.305859 0.377083 0.114844 0.159722
2 0.076563 0.652778 0.153125 0.263889
1 0.458594 0.586111 0.010937 0.027778
1 0.458984 0.530556 0.011719 0.027778
1 0.458984 0.552778 0.011719 0.016667
2 0.427344 0.619444 0.075000 0.225000
2 0.381641 0.702083 0.166406 0.298611
2 0.242188 0.503472 0.100000 0.137500
2 0.169141 0.541667 0.133594 0.183333
2 0.244141 0.368750 0.114844 0.151389
2 0.166016 0.389583 0.135156 0.170833
2 0.074609 0.511806 0.149219 0.209722
2 0.025781 0.536806 0.051562 0.201389
1 0.653516 0.668056 0.086719 0.069444
1 0.664453 0.634028 0.100781 0.054167
1 0.664844 0.584028 0.101562 0.048611
1 0.664453 0.608333 0.100781 0.052778
1 0.833203 0.757639 0.113281 0.098611
1 0.534375 0.729167 0.151562 0.097222
3 0.928906 0.868750 0.140625 0.259722
1 0.534375 0.688889 0.162500 0.105556
