1 0.838281 0.747222 0.128125 0.055556
4 0.841016 0.718750 0.121094 0.054167
4 0.841797 0.687500 0.121094 0.052778
4 0.842578 0.650694 0.121094 0.068056
2 0.033203 0.982639 0.066406 0.031944
2 0.258203 0.834028 0.233594 0.240278
2 0.100391 0.826389 0.200781 0.047222
2 0.029687 0.828472 0.059375 0.043056
2 0.101953 0.686806 0.203906 0.262500
2 0.438281 0.935417 0.251563 0.126389
1 0.337891 0.769444 0.122656 0.069444
1 0.350781 0.718056 0.156250 0.055556
1 0.335547 0.741667 0.125781 0.069444
2 0.480469 0.813194 0.167187 0.231944
2 0.633203 0.845833 0.180469 0.280556
2 0.480469 0.619444 0.170313 0.236111
2 0.013281 0.911806 0.026562 0.173611
2 0.142969 0.881944 0.262500 0.233333
2 0.341797 0.911111 0.291406 0.175000
1 0.398047 0.781944 0.002344 0.005556
1 0.385156 0.797917 0.025000 0.037500
1 0.329688 0.784722 0.071875 0.033333
1 0.684766 0.794444 0.153906 0.072222
1 0.685156 0.769444 0.153125 0.061111
