2 0.432422 0.559028 0.192969 0.137500
2 0.207813 0.556944 0.210938 0.136111
2 0.058984 0.543056 0.117969 0.111111
2 0.584375 0.445833 0.012500 0.177778
2 0.446484 0.452083 0.136719 0.190278
0 0.768750 0.246528 0.035937 0.056944
2 0.680469 0.484028 0.196875 0.195833
2 0.122656 0.554861 0.245312 0.268056
2 0.403125 0.754167 0.262500 0.394444
2 0.695312 0.757639 0.270313 0.398611
2 0.316016 0.525694 0.127344 0.193056
2 0.161719 0.491667 0.150000 0.111111
2 0.706641 0.556944 0.233594 0.072222
2 0.420312 0.573611 0.223438 0.108333
2 0.708984 0.402778 0.236719 0.302778
2 0.160938 0.513194 0.256250 0.223611
2 0.030078 0.500694 0.060156 0.195833
