1 0.851562 0.970833 0.085938 0.055556
4 0.908203 0.939583 0.182031 0.118056
4 0.908594 0.891667 0.181250 0.144444
4 0.908594 0.823611 0.181250 0.144444
1 0.069922 0.788194 0.085156 0.045833
2 0.075781 0.833333 0.151562 0.330556
2 0.071875 0.856944 0.143750 0.283333
2 0.075391 0.559028 0.150781 0.293056
2 0.071484 0.586111 0.142969 0.380556
1 0.192969 0.863194 0.032813 0.079167
1 0.195703 0.822222 0.027344 0.008333
1 0.544922 0.847222 0.149219 0.086111
5 0.810937 0.786111 0.145313 0.302778
1 0.300000 0.917361 0.181250 0.134722
1 0.299609 0.861111 0.180469 0.130556
