3 0.051562 0.218750 0.103125 0.437500
1 0.086328 0.522917 0.172656 0.156944
1 0.301172 0.781250 0.407031 0.434722
2 0.409375 0.655556 0.818750 0.686111
2 0.914062 0.303472 0.098437 0.023611
2 0.822266 0.233333 0.191406 0.230556
2 0.691797 0.262500 0.224219 0.288889
2 0.763281 0.115278 0.132812 0.161111
2 0.647266 0.119444 0.144531 0.177778
2 0.992578 0.143056 0.013281 0.283333
2 0.921484 0.309028 0.155469 0.365278
2 0.540625 0.204167 0.154688 0.194444
2 0.426563 0.215278 0.160938 0.211111
2 0.978906 0.300000 0.014063 0.094444
2 0.923438 0.142361 0.151562 0.279167
2 0.826172 0.156250 0.260156 0.312500
