2 0.220312 0.051389 0.139063 0.102778
2 0.096875 0.081250 0.173437 0.162500
2 0.369141 0.040972 0.167969 0.081944
2 0.471875 0.054167 0.126562 0.108333
2 0.558984 0.010417 0.127344 0.020833
2 0.244141 0.116667 0.197656 0.233333
2 0.058594 0.014583 0.117188 0.029167
2 0.003906 0.019444 0.007812 0.038889
1 0.823047 0.055556 0.003906 0.030556
2 0.620313 0.121528 0.089063 0.243056
2 0.549609 0.221528 0.217969 0.329167
2 0.551953 0.060417 0.216406 0.120833
2 0.473828 0.011806 0.042969 0.023611
2 0.430469 0.041667 0.090625 0.083333
2 0.296484 0.065278 0.157031 0.130556
2 0.168359 0.098611 0.185156 0.197222
1 0.894531 0.168056 0.160938 0.111111
1 0.891797 0.207639 0.157031 0.098611
1 0.983984 0.182639 0.030469 0.048611
1 0.998828 0.414583 0.000781 0.012500
1 0.701953 0.286111 0.208594 0.119444
3 0.289453 0.912500 0.257031 0.172222
1 0.703906 0.240278 0.225000 0.130556
