3 0.015625 0.984722 0.031250 0.027778
1 0.939063 0.938889 0.120313 0.119444
1 0.958594 0.394444 0.081250 0.055556
4 0.960938 0.364583 0.076563 0.059722
4 0.962109 0.332639 0.074219 0.056944
4 0.962891 0.294444 0.072656 0.066667
2 0.044922 0.478472 0.089844 0.262500
2 0.081641 0.582639 0.163281 0.337500
2 0.145703 0.692361 0.213281 0.404167
2 0.010937 0.340278 0.021875 0.191667
2 0.303516 0.390278 0.167969 0.250000
2 0.164844 0.315972 0.001563 0.001389
2 0.146484 0.345833 0.097656 0.177778
2 0.217188 0.222222 0.153125 0.191667
2 0.403125 0.570139 0.193750 0.331944
1 0.476172 0.336806 0.128906 0.065278
1 0.476172 0.290278 0.122656 0.055556
1 0.476172 0.312500 0.122656 0.061111
2 0.563672 0.380556 0.147656 0.227778
2 0.675391 0.447222 0.166406 0.238889
2 0.677734 0.257639 0.175781 0.243056
2 0.060937 0.387500 0.114062 0.230556
2 0.102344 0.463194 0.109375 0.243056
2 0.112500 0.267361 0.156250 0.248611
2 0.192969 0.441667 0.171875 0.300000
2 0.283203 0.525694 0.200781 0.354167
1 0.567578 0.368056 0.119531 0.069444
1 0.514062 0.343056 0.107813 0.050000
1 0.546484 0.299306 0.044531 0.031944
1 0.553125 0.316667 0.031250 0.038889
1 0.868359 0.395833 0.075781 0.047222
5 0.884766 0.267361 0.046094 0.079167
1 0.756641 0.406944 0.155469 0.077778
1 0.767969 0.386111 0.128125 0.058333
