4 0.949609 0.965278 0.099219 0.066667
4 0.950391 0.909722 0.097656 0.088889
4 0.907031 0.850000 0.009375 0.041667
2 0.130859 0.514583 0.130469 0.054167
2 0.051562 0.590972 0.090625 0.170833
2 0.054688 0.467361 0.109375 0.118056
2 0.001172 0.500694 0.002344 0.037500
0 0.180078 0.341667 0.032031 0.033333
2 0.211719 0.478472 0.095312 0.123611
2 0.166406 0.504167 0.154688 0.108333
2 0.233984 0.591667 0.063281 0.169444
2 0.364063 0.489583 0.065625 0.015278
2 0.266797 0.440972 0.132031 0.168056
2 0.074219 0.681944 0.148438 0.063889
2 0.261719 0.671528 0.004687 0.006944
2 0.285156 0.513194 0.112500 0.070833
2 0.196484 0.575000 0.127344 0.166667
2 0.283984 0.420139 0.114844 0.137500
2 0.122656 0.605556 0.100000 0.188889
2 0.007031 0.663889 0.014063 0.027778
1 0.688672 0.713889 0.022656 0.050000
1 0.705469 0.689583 0.056250 0.051389
1 0.823047 0.779861 0.130469 0.062500
0 0.954297 0.987500 0.058594 0.022222
0 0.957422 0.454861 0.083594 0.129167
1 0.520703 0.762500 0.083594 0.052778
3 0.339453 0.736806 0.678906 0.523611
