2 0.869531 0.738194 0.206250 0.373611
2 0.839063 0.775000 0.320312 0.447222
2 0.837109 0.302778 0.324219 0.605556
1 0.108203 0.858333 0.216406 0.200000
1 0.291797 0.695833 0.207031 0.108333
2 0.608594 0.575694 0.200000 0.276389
1 0.292578 0.523611 0.116406 0.030556
4 0.294141 0.496528 0.110156 0.034722
4 0.294141 0.468750 0.110156 0.031944
4 0.293359 0.441667 0.110156 0.036111
2 0.040625 0.517361 0.081250 0.201389
1 0.028125 0.520139 0.056250 0.023611
5 0.195312 0.456250 0.070312 0.143056
0 0.495312 0.262500 0.021875 0.030556
0 0.477734 0.405556 0.047656 0.052778
1 0.080469 0.499306 0.143750 0.034722
3 0.739844 0.402083 0.182812 0.345833
1 0.085547 0.472917 0.130469 0.031944
