2 0.088281 0.872222 0.176563 0.252778
2 0.437891 0.842361 0.413281 0.312500
2 0.815234 0.818056 0.367969 0.361111
2 0.383984 0.391667 0.286719 0.430556
2 0.104297 0.566667 0.208594 0.444444
2 0.092578 0.248611 0.185156 0.461111
2 0.654297 0.513889 0.244531 0.455556
1 0.200391 0.197222 0.053906 0.102778
1 0.196094 0.125694 0.053125 0.093056
1 0.198047 0.160417 0.053906 0.101389
2 0.338672 0.184028 0.186719 0.304167
2 0.545703 0.165972 0.188281 0.295833
2 0.098828 0.752778 0.197656 0.491667
2 0.084766 0.425000 0.169531 0.580556
2 0.396484 0.602083 0.347656 0.568056
2 0.765625 0.554167 0.368750 0.544444
1 0.207422 0.190278 0.058594 0.119444
1 0.433594 0.038889 0.014063 0.063889
5 0.377734 0.004861 0.033594 0.009722
1 0.446875 0.091667 0.012500 0.072222
3 0.941016 0.004167 0.116406 0.008333
1 0.444922 0.057639 0.014844 0.084722
