2 0.948438 0.722222 0.101562 0.158333
1 0.958984 0.795833 0.080469 0.041667
1 0.810547 0.723611 0.028906 0.030556
1 0.803516 0.753472 0.013281 0.031944
1 0.803516 0.784028 0.013281 0.031944
2 0.280469 0.665278 0.540625 0.666667
2 0.614844 0.722222 0.367188 0.538889
2 0.854297 0.721528 0.196094 0.418056
2 0.021875 0.379167 0.043750 0.758333
2 0.282031 0.565972 0.307812 0.362500
2 0.101562 0.693056 0.137500 0.380556
2 0.390625 0.826389 0.079687 0.097222
2 0.066406 0.722222 0.065625 0.258333
2 0.125781 0.721528 0.107813 0.248611
2 0.174219 0.536806 0.201563 0.154167
2 0.165625 0.740278 0.331250 0.516667
2 0.183594 0.260417 0.295312 0.520833
2 0.423828 0.528472 0.333594 0.451389
2 0.616797 0.451389 0.261719 0.130556
1 0.126953 0.731944 0.105469 0.011111
3 0.382422 0.653472 0.096094 0.265278
1 0.082422 0.679167 0.083594 0.022222
