1 0.555859 0.919444 0.628906 0.158333
1 0.555859 0.984028 0.630469 0.029167
1 0.933203 0.875000 0.132031 0.044444
4 0.921484 0.832639 0.155469 0.048611
4 0.923047 0.787500 0.152344 0.044444
4 0.925391 0.745139 0.147656 0.045833
2 0.025781 0.786806 0.051562 0.362500
1 0.256641 0.784028 0.138281 0.031944
1 0.258203 0.718056 0.147656 0.038889
1 0.257422 0.750000 0.147656 0.036111
2 0.333984 0.759028 0.171094 0.187500
2 0.430078 0.746528 0.211719 0.206944
2 0.434375 0.526389 0.201563 0.300000
1 0.337891 0.834722 0.057031 0.030556
1 0.317969 0.850000 0.026562 0.002778
1 0.288672 0.850694 0.032031 0.004167
1 0.330859 0.806944 0.133594 0.027778
1 0.287500 0.835417 0.046875 0.029167
1 0.695703 0.840972 0.039844 0.006944
5 0.824219 0.774306 0.015625 0.095833
1 0.571875 0.786111 0.187500 0.038889
1 0.571094 0.747222 0.184375 0.041667
