2 0.612109 0.491667 0.138281 0.216667
2 0.541797 0.544444 0.082031 0.236111
2 0.373437 0.610417 0.143750 0.251389
2 0.500391 0.328472 0.111719 0.156944
2 0.392969 0.359722 0.125000 0.175000
0 0.644141 0.199306 0.035156 0.026389
2 0.678125 0.384028 0.076563 0.187500
2 0.690234 0.530556 0.177344 0.277778
2 0.785937 0.562500 0.154688 0.230556
2 0.855469 0.513889 0.140625 0.208333
2 0.791406 0.374306 0.157812 0.231944
2 0.864844 0.342361 0.139063 0.209722
2 0.576562 0.689583 0.196875 0.331944
2 0.297656 0.450000 0.135937 0.194444
2 0.190625 0.487500 0.145313 0.213889
2 0.939453 0.875694 0.119531 0.245833
2 0.998047 0.607639 0.002344 0.054167
2 0.940234 0.595833 0.117969 0.383333
2 0.776563 0.513194 0.134375 0.120833
2 0.696094 0.513194 0.143750 0.156944
2 0.786719 0.257639 0.131250 0.068056
2 0.697656 0.351389 0.154688 0.213889
2 0.595313 0.495139 0.167187 0.254167
2 0.476172 0.552083 0.189844 0.293056
