2 0.880078 0.456944 0.163281 0.175000
2 0.973828 0.468056 0.050781 0.183333
2 0.973437 0.277083 0.051562 0.201389
1 0.887500 0.406944 0.218750 0.044444
1 0.888672 0.364583 0.207031 0.045833
1 0.888281 0.452778 0.206250 0.044444
1 0.887500 0.496528 0.218750 0.051389
1 0.887500 0.538889 0.206250 0.052778
1 0.886719 0.577778 0.218750 0.066667
2 0.203125 0.621528 0.406250 0.754167
2 0.484766 0.586806 0.453906 0.668056
2 0.157812 0.502083 0.201563 0.381944
2 0.075391 0.560417 0.150781 0.534722
2 0.178906 0.551389 0.214062 0.497222
0 0.007422 0.218056 0.014844 0.036111
3 0.251953 0.284028 0.139844 0.120833
