2 0.739453 0.410417 0.128906 0.168056
2 0.860547 0.427778 0.135156 0.177778
2 0.742969 0.268750 0.131250 0.159722
2 0.863281 0.275000 0.139063 0.169444
1 0.977734 0.515278 0.042969 0.050000
3 0.949609 0.652083 0.099219 0.062500
1 0.748437 0.554861 0.156250 0.084722
1 0.551562 0.434722 0.106250 0.061111
1 0.549219 0.467361 0.101562 0.054167
1 0.549219 0.489583 0.101562 0.051389
1 0.549219 0.516667 0.101562 0.047222
2 0.473438 0.367361 0.120313 0.081944
0 0.376172 0.213889 0.032031 0.011111
0 0.320703 0.267361 0.030469 0.012500
2 0.131641 0.856250 0.263281 0.284722
2 0.341797 0.791667 0.350781 0.413889
2 0.528125 0.735417 0.262500 0.454167
2 0.098437 0.575000 0.196875 0.372222
2 0.272266 0.651389 0.155469 0.322222
2 0.008594 0.423611 0.017188 0.013889
2 0.023828 0.316667 0.047656 0.222222
2 0.030469 0.738889 0.060937 0.116667
2 0.174219 0.607639 0.348438 0.395833
2 0.372656 0.557639 0.259375 0.381944
3 0.198437 0.305556 0.148438 0.275000
