2 0.055078 0.936111 0.110156 0.125000
2 0.001172 0.968750 0.002344 0.059722
2 0.572266 0.849306 0.339844 0.298611
2 0.357422 0.879167 0.264844 0.238889
2 0.228125 0.803472 0.231250 0.390278
2 0.349609 0.658333 0.272656 0.458333
1 0.692187 0.709028 0.198437 0.123611
1 0.694141 0.641667 0.210156 0.111111
1 0.693750 0.673611 0.209375 0.125000
2 0.870313 0.799306 0.239063 0.398611
2 0.984375 0.877778 0.029687 0.241667
2 0.992578 0.667361 0.013281 0.220833
2 0.082031 0.823611 0.164062 0.350000
2 0.196484 0.924306 0.285156 0.148611
2 0.185547 0.739583 0.302344 0.518056
2 0.394141 0.897917 0.374219 0.201389
1 0.796484 0.719444 0.178906 0.141667
1 0.651563 0.705556 0.073438 0.041667
1 0.928516 0.633333 0.127344 0.077778
