3 0.423047 0.558333 0.846094 0.880556
1 0.906641 0.779167 0.185156 0.308333
1 0.911719 0.907639 0.157812 0.181944
1 0.916016 0.950000 0.153906 0.097222
1 0.865234 0.992361 0.039844 0.012500
1 0.741406 0.447917 0.175000 0.162500
1 0.756641 0.510417 0.139844 0.151389
1 0.757422 0.555556 0.132031 0.141667
1 0.823438 0.612500 0.006250 0.030556
2 0.940625 0.384028 0.117188 0.315278
2 0.035156 0.262500 0.070312 0.216667
2 0.166797 0.291667 0.194531 0.247222
2 0.154297 0.084028 0.205469 0.168056
5 0.283594 0.129167 0.054688 0.055556
0 0.647656 0.029861 0.026562 0.029167
0 0.607422 0.029167 0.036719 0.027778
0 0.592969 0.182639 0.009375 0.020833
3 0.874219 0.149306 0.250000 0.298611
