2 0.132031 0.836806 0.204687 0.256944
2 0.065625 0.877778 0.131250 0.177778
0 0.106641 0.454861 0.052344 0.031944
2 0.225391 0.692361 0.158594 0.254167
2 0.352734 0.838889 0.225781 0.319444
2 0.489453 0.861806 0.057031 0.273611
2 0.497656 0.811806 0.067187 0.284722
2 0.427734 0.639583 0.180469 0.306944
2 0.467187 0.591667 0.146875 0.252778
2 0.289844 0.964583 0.234375 0.068056
1 0.883984 0.915278 0.107031 0.133333
2 0.932031 0.913889 0.134375 0.169444
2 0.935547 0.987500 0.010156 0.022222
2 0.955469 0.790972 0.087500 0.415278
2 0.389062 0.684028 0.037500 0.040278
2 0.212500 0.887500 0.059375 0.222222
2 0.342578 0.581944 0.153906 0.241667
2 0.276172 0.630556 0.188281 0.294444
2 0.144141 0.897222 0.196094 0.202778
2 0.096094 0.958333 0.192188 0.080556
