1 0.503906 0.595833 0.045312 0.052778
4 0.506641 0.567361 0.039844 0.054167
4 0.507031 0.537500 0.040625 0.052778
4 0.507031 0.508333 0.040625 0.055556
2 0.673438 0.873611 0.289062 0.250000
2 0.362109 0.962500 0.266406 0.072222
2 0.101562 0.831250 0.203125 0.334722
2 0.879297 0.911806 0.239844 0.173611
1 0.295703 0.834722 0.175781 0.077778
2 0.481250 0.781250 0.184375 0.295833
2 0.658984 0.747222 0.185156 0.275000
2 0.076172 0.892361 0.152344 0.212500
2 0.417578 0.861111 0.360156 0.275000
2 0.932422 0.977083 0.133594 0.043056
1 0.306641 0.848611 0.089844 0.036111
1 0.163281 0.870139 0.106250 0.045833
1 0.328125 0.665972 0.123438 0.045833
5 0.412891 0.534722 0.061719 0.180556
0 0.751563 0.306250 0.031250 0.034722
0 0.730469 0.443750 0.039062 0.059722
1 0.626563 0.688194 0.109375 0.062500
3 0.921484 0.431944 0.155469 0.305556
1 0.604688 0.654861 0.154688 0.065278
