2 0.992188 0.845139 0.014063 0.251389
1 0.420312 0.617361 0.087500 0.048611
4 0.420312 0.586806 0.089063 0.056944
4 0.408594 0.556250 0.112500 0.054167
4 0.408203 0.525000 0.113281 0.058333
2 0.095312 0.954167 0.190625 0.088889
2 0.064453 0.774306 0.128906 0.256944
2 0.223438 0.782639 0.201563 0.279167
2 0.067187 0.557639 0.134375 0.268056
2 0.217188 0.564583 0.206250 0.273611
2 0.059375 0.946528 0.118750 0.104167
1 0.022266 0.745139 0.044531 0.073611
1 0.365234 0.655556 0.025781 0.063889
0 0.660156 0.502778 0.021875 0.030556
0 0.656250 0.332639 0.020313 0.037500
1 0.339453 0.702778 0.033594 0.080556
3 0.880078 0.506944 0.238281 0.369444
1 0.337109 0.671528 0.030469 0.073611
