2 0.975391 0.748611 0.047656 0.197222
2 0.973828 0.560417 0.050781 0.195833
1 0.958984 0.877083 0.080469 0.068056
1 0.792188 0.843056 0.073438 0.058333
2 0.760156 0.733333 0.012500 0.161111
2 0.183594 0.761806 0.367188 0.473611
2 0.510938 0.765278 0.504687 0.466667
2 0.022266 0.459028 0.044531 0.170833
2 0.167578 0.796528 0.189844 0.401389
2 0.044531 0.461111 0.089063 0.175000
2 0.075000 0.794444 0.150000 0.408333
2 0.188281 0.797222 0.148438 0.402778
0 0.155859 0.506250 0.032031 0.034722
3 0.396875 0.550694 0.140625 0.087500
