1 0.036328 0.778472 0.013281 0.001389
4 0.036719 0.761111 0.001563 0.019444
2 0.873828 0.350694 0.100781 0.693056
2 0.659766 0.499306 0.647656 0.998611
2 0.454688 0.499306 0.909375 0.998611
1 0.023828 0.670139 0.047656 0.090278
2 0.313281 0.663889 0.300000 0.430556
2 0.519141 0.693056 0.257031 0.375000
2 0.296484 0.268750 0.336719 0.520833
2 0.499609 0.499306 0.999219 0.998611
1 0.003516 0.866667 0.007031 0.069444
1 0.394922 0.695833 0.182031 0.047222
3 0.595313 0.624306 0.137500 0.323611
1 0.305859 0.643056 0.107031 0.047222
