2 0.898438 0.403472 0.193750 0.320833
2 0.780859 0.478472 0.271094 0.398611
2 0.594922 0.578472 0.325781 0.506944
2 0.694531 0.195139 0.160938 0.212500
2 0.549609 0.222917 0.185156 0.243056
0 0.919141 0.004861 0.057031 0.009722
2 0.965234 0.250000 0.067969 0.244444
2 0.911328 0.716667 0.175781 0.563889
2 0.408984 0.346528 0.202344 0.281944
2 0.245312 0.390278 0.231250 0.322222
2 0.982422 0.441667 0.033594 0.277778
2 0.984766 0.152778 0.028906 0.305556
2 0.905078 0.552778 0.188281 0.480556
2 0.784766 0.677083 0.378906 0.612500
