2 0.758984 0.679167 0.257031 0.233333
2 0.547266 0.843750 0.274219 0.309722
2 0.436719 0.924306 0.145313 0.148611
2 0.546484 0.381944 0.177344 0.272222
2 0.369922 0.466667 0.213281 0.325000
0 0.783594 0.189583 0.060937 0.051389
2 0.889062 0.529167 0.220312 0.338889
2 0.907031 0.884028 0.184375 0.229167
2 0.998437 0.928472 0.001563 0.020833
2 0.200781 0.645833 0.240625 0.380556
2 0.066016 0.727083 0.132031 0.379167
2 0.972266 0.652778 0.053906 0.100000
2 0.925781 0.818056 0.146875 0.361111
2 0.969141 0.473611 0.060156 0.291667
2 0.765234 0.824306 0.364844 0.348611
2 0.638281 0.920833 0.196875 0.155556
