2 0.573047 0.494444 0.128906 0.172222
2 0.671875 0.480556 0.125000 0.163889
1 0.792578 0.523611 0.110156 0.033333
2 0.972266 0.418056 0.053906 0.147222
3 0.989062 0.614583 0.020313 0.009722
1 0.845313 0.562500 0.139063 0.069444
1 0.844922 0.590972 0.147656 0.073611
1 0.844141 0.620833 0.138281 0.069444
1 0.719141 0.584722 0.074219 0.041667
2 0.432031 0.578472 0.134375 0.234722
0 0.074609 0.341667 0.046094 0.022222
2 0.946484 0.975694 0.105469 0.045833
2 0.876172 0.927083 0.246094 0.143056
2 0.829297 0.686111 0.339844 0.533333
1 0.434375 0.977778 0.028125 0.041667
