1 0.010547 0.699306 0.021094 0.079167
1 0.007422 0.761111 0.014844 0.050000
2 0.648438 0.511111 0.128125 0.169444
2 0.531250 0.520833 0.145313 0.183333
2 0.404687 0.533333 0.153125 0.197222
2 0.607422 0.407639 0.107031 0.098611
2 0.492969 0.419444 0.112500 0.119444
0 0.725391 0.278472 0.016406 0.004167
2 0.783984 0.432639 0.088281 0.143056
2 0.655469 0.467361 0.173437 0.206944
2 0.785547 0.536111 0.160156 0.197222
2 0.860156 0.506944 0.098437 0.152778
2 0.787891 0.354167 0.161719 0.188889
2 0.517188 0.565972 0.184375 0.237500
2 0.396875 0.488194 0.115625 0.145833
2 0.291016 0.495139 0.121094 0.154167
2 0.920703 0.598611 0.150781 0.238889
2 0.790625 0.652083 0.254688 0.340278
2 0.800000 0.351389 0.259375 0.311111
2 0.828516 0.504167 0.139844 0.152778
2 0.715625 0.523611 0.146875 0.183333
2 0.716797 0.354167 0.147656 0.169444
2 0.589844 0.457639 0.157812 0.190278
2 0.454688 0.465972 0.167187 0.206944
1 0.905078 0.699306 0.188281 0.106944
1 0.909375 0.647917 0.179688 0.090278
