2 0.773828 0.162500 0.147656 0.208333
2 0.919922 0.167361 0.158594 0.209722
2 0.779297 0.044444 0.146094 0.088889
2 0.924219 0.046528 0.150000 0.093056
1 0.964453 0.382639 0.069531 0.118056
1 0.692187 0.380556 0.190625 0.102778
2 0.483984 0.218750 0.128906 0.256944
2 0.921484 0.783333 0.155469 0.430556
2 0.883594 0.754167 0.231250 0.488889
2 0.011719 0.900000 0.023438 0.197222
2 0.125391 0.739583 0.247656 0.518056
2 0.016016 0.708333 0.032031 0.247222
2 0.106641 0.382639 0.213281 0.693056
3 0.033594 0.133333 0.067187 0.266667
