1 0.723047 0.884028 0.322656 0.229167
1 0.708203 0.929861 0.271094 0.137500
1 0.863281 0.783333 0.043750 0.088889
1 0.922656 0.548611 0.131250 0.038889
4 0.925391 0.517361 0.132031 0.043056
4 0.925781 0.485417 0.131250 0.040278
4 0.926172 0.454167 0.132031 0.041667
2 0.002344 0.529861 0.004687 0.198611
2 0.041406 0.557639 0.082812 0.248611
2 0.089063 0.615278 0.178125 0.338889
2 0.240234 0.444444 0.169531 0.213889
2 0.152344 0.578472 0.139063 0.051389
2 0.076953 0.516667 0.089844 0.111111
2 0.092188 0.320139 0.129688 0.156944
2 0.343750 0.568750 0.201563 0.276389
1 0.414453 0.487500 0.122656 0.033333
1 0.414453 0.437500 0.122656 0.030556
1 0.414453 0.463194 0.122656 0.031944
2 0.504297 0.504861 0.149219 0.190278
2 0.617578 0.521528 0.164844 0.212500
2 0.506250 0.331944 0.146875 0.186111
2 0.026562 0.499306 0.053125 0.170833
2 0.063281 0.526389 0.126562 0.211111
2 0.061719 0.327083 0.123438 0.215278
2 0.124609 0.459028 0.175781 0.248611
2 0.215625 0.476389 0.214062 0.286111
1 0.509375 0.536111 0.114062 0.030556
1 0.440625 0.534028 0.101562 0.026389
1 0.466016 0.490278 0.077344 0.030556
1 0.446875 0.512500 0.115625 0.030556
1 0.738281 0.532639 0.096875 0.029167
5 0.813281 0.482639 0.051562 0.120833
1 0.700391 0.509028 0.141406 0.037500
1 0.708984 0.479861 0.133594 0.037500
