2 0.112500 0.595139 0.225000 0.806944
3 0.260156 0.506944 0.520312 0.983333
2 0.664062 0.709028 0.120313 0.195833
2 0.703125 0.729167 0.135937 0.230556
2 0.743750 0.756250 0.178125 0.276389
2 0.306250 0.578472 0.020313 0.070833
2 0.293750 0.579167 0.053125 0.100000
0 0.502344 0.465278 0.018750 0.022222
2 0.633594 0.621528 0.101562 0.165278
2 0.933203 0.627083 0.132031 0.206944
2 0.886328 0.768750 0.103906 0.059722
2 0.838281 0.742361 0.009375 0.006944
2 0.873047 0.505556 0.139844 0.147222
2 0.821875 0.496528 0.112500 0.090278
2 0.963672 0.750694 0.071094 0.265278
2 0.298438 0.718750 0.081250 0.206944
2 0.298828 0.722917 0.082031 0.209722
2 0.707812 0.689583 0.059375 0.159722
2 0.771875 0.704861 0.123438 0.187500
2 0.767188 0.522917 0.129688 0.184722
2 0.824219 0.633333 0.146875 0.222222
2 0.891406 0.642361 0.195312 0.268056
