2 0.053906 0.875694 0.107813 0.245833
2 0.393750 0.874306 0.553125 0.248611
2 0.842187 0.873611 0.314063 0.250000
2 0.421875 0.570833 0.320312 0.447222
2 0.116406 0.728472 0.232813 0.445833
2 0.110937 0.363889 0.221875 0.438889
2 0.766797 0.723611 0.335156 0.444444
1 0.265234 0.486806 0.091406 0.076389
2 0.419922 0.451389 0.189844 0.180556
2 0.642188 0.487500 0.195312 0.280556
2 0.418359 0.252083 0.194531 0.270833
2 0.091016 0.799306 0.182031 0.398611
2 0.401562 0.696528 0.400000 0.198611
2 0.816797 0.796528 0.364844 0.404167
1 0.268359 0.513194 0.119531 0.079167
1 0.085938 0.564583 0.045312 0.012500
1 0.426172 0.434722 0.088281 0.036111
5 0.492188 0.316667 0.048438 0.161111
0 0.889453 0.097917 0.036719 0.034722
0 0.860938 0.258333 0.043750 0.061111
1 0.619531 0.435417 0.160938 0.059722
3 0.997266 0.410417 0.003906 0.004167
1 0.619922 0.400000 0.161719 0.058333
