1 0.833594 0.954167 0.242188 0.088889
1 0.806641 0.984722 0.189844 0.027778
2 0.980078 0.698611 0.038281 0.408333
1 0.304297 0.299306 0.083594 0.070833
2 0.045703 0.560417 0.091406 0.387500
2 0.034766 0.262500 0.069531 0.380556
1 0.208203 0.359722 0.113281 0.080556
5 0.142578 0.098611 0.014844 0.019444
0 0.575391 0.054167 0.030469 0.041667
0 0.525391 0.054167 0.044531 0.038889
0 0.526563 0.246528 0.043750 0.040278
1 0.079297 0.438889 0.147656 0.102778
3 0.851953 0.200694 0.294531 0.401389
1 0.082031 0.395833 0.150000 0.113889
