1 0.640234 0.472222 0.157031 0.058333
4 0.642969 0.435417 0.150000 0.062500
4 0.643750 0.396528 0.150000 0.059722
4 0.644141 0.352778 0.150781 0.075000
1 0.030469 0.471528 0.060937 0.054167
2 0.104297 0.522917 0.208594 0.298611
2 0.254688 0.575694 0.246875 0.334722
2 0.100781 0.274306 0.201563 0.290278
2 0.246875 0.300000 0.254688 0.325000
1 0.116406 0.452083 0.159375 0.076389
1 0.109766 0.481944 0.174219 0.080556
1 0.109766 0.511111 0.182031 0.083333
1 0.019531 0.509028 0.006250 0.034722
1 0.478516 0.456944 0.016406 0.033333
5 0.514844 0.352083 0.070312 0.201389
0 0.970703 0.117361 0.035156 0.051389
0 0.929688 0.330556 0.075000 0.091667
1 0.371094 0.503472 0.200000 0.084722
1 0.370703 0.471528 0.199219 0.070833
