2 0.202344 0.458333 0.154688 0.344444
2 0.207031 0.350694 0.132812 0.265278
2 0.195312 0.152778 0.139063 0.269444
1 0.238281 0.331944 0.089063 0.091667
2 0.401953 0.115278 0.122656 0.183333
3 0.555469 0.158333 0.131250 0.316667
1 0.575000 0.383333 0.153125 0.086111
1 0.694531 0.540278 0.171875 0.161111
2 0.540234 0.689583 0.269531 0.443056
0 0.083984 0.890278 0.142969 0.216667
2 0.961719 0.249306 0.075000 0.206944
2 0.994922 0.063194 0.008594 0.123611
2 0.943750 0.127778 0.110937 0.161111
2 0.855469 0.135417 0.128125 0.165278
2 0.995313 0.240972 0.007812 0.104167
