1 0.970313 0.568056 0.057813 0.030556
1 0.970313 0.589583 0.057813 0.012500
2 0.952734 0.559028 0.072656 0.070833
2 0.508203 0.509028 0.564844 0.809722
2 0.826172 0.518056 0.346094 0.591667
2 0.953125 0.497917 0.092188 0.368056
2 0.103125 0.283333 0.206250 0.566667
2 0.491797 0.353472 0.196094 0.395833
2 0.225000 0.536806 0.339062 0.465278
2 0.302344 0.179167 0.181250 0.358333
2 0.713281 0.603472 0.248438 0.168056
2 0.242188 0.533333 0.214062 0.247222
2 0.346094 0.528472 0.040625 0.226389
2 0.277734 0.370833 0.142969 0.111111
2 0.356641 0.387500 0.019531 0.086111
2 0.027734 0.732639 0.055469 0.237500
2 0.325781 0.523611 0.445312 0.597222
2 0.371484 0.162500 0.336719 0.325000
2 0.659375 0.320833 0.354687 0.475000
2 0.886328 0.356944 0.225781 0.394444
1 0.338672 0.536806 0.055469 0.023611
3 0.646875 0.565278 0.120313 0.063889
1 0.317578 0.493750 0.097656 0.018056
