1 0.637891 0.502778 0.124219 0.069444
2 0.014844 0.670833 0.029687 0.272222
2 0.104297 0.827778 0.208594 0.341667
1 0.099219 0.546528 0.167187 0.070833
1 0.096094 0.493056 0.160938 0.055556
1 0.097656 0.518056 0.160938 0.066667
2 0.219141 0.576389 0.182031 0.263889
2 0.361328 0.636111 0.189844 0.258333
2 0.357422 0.418750 0.194531 0.270833
2 0.033984 0.831250 0.067969 0.334722
1 0.187500 0.559028 0.081250 0.090278
1 0.140625 0.541667 0.114062 0.075000
1 0.178906 0.479167 0.034375 0.036111
1 0.158203 0.511111 0.077344 0.063889
1 0.535156 0.520833 0.032813 0.050000
5 0.521875 0.393056 0.056250 0.075000
0 0.906641 0.424306 0.025781 0.037500
0 0.908984 0.235417 0.027344 0.043056
1 0.438672 0.569444 0.167969 0.075000
1 0.438281 0.540278 0.160938 0.066667
