2 0.191797 0.333333 0.383594 0.666667
3 0.162500 0.722917 0.325000 0.454167
1 0.643750 0.595833 0.289062 0.083333
1 0.648828 0.675694 0.280469 0.087500
1 0.644141 0.750694 0.289844 0.109722
4 0.780469 0.554861 0.014063 0.001389
2 0.067578 0.559722 0.064844 0.141667
2 0.134766 0.597917 0.071094 0.023611
2 0.107422 0.612500 0.017969 0.044444
2 0.160547 0.561111 0.021094 0.161111
2 0.420312 0.598611 0.090625 0.163889
2 0.503516 0.594444 0.155469 0.191667
2 0.410156 0.429861 0.110937 0.179167
2 0.501563 0.415972 0.157812 0.201389
2 0.103125 0.599306 0.007812 0.023611
2 0.103125 0.545833 0.135937 0.133333
1 0.434375 0.648611 0.035937 0.011111
1 0.381250 0.606944 0.009375 0.008333
1 0.567578 0.654861 0.050781 0.004167
5 0.674219 0.609028 0.048438 0.109722
0 0.996875 0.520139 0.004687 0.056944
1 0.557813 0.599306 0.004687 0.020833
1 0.587109 0.559028 0.114844 0.006944
