2 0.648047 0.863194 0.335156 0.270833
1 0.252734 0.729167 0.139844 0.044444
4 0.254297 0.695139 0.139844 0.051389
4 0.254297 0.659722 0.139844 0.047222
4 0.254297 0.623611 0.139844 0.052778
1 0.044531 0.727083 0.071875 0.043056
5 0.138281 0.636111 0.089063 0.183333
0 0.504687 0.403472 0.037500 0.040278
0 0.505469 0.506944 0.039062 0.030556
0 0.462500 0.506250 0.046875 0.029167
0 0.464453 0.686806 0.046094 0.034722
1 0.019141 0.729861 0.038281 0.045833
3 0.778516 0.605556 0.361719 0.472222
1 0.022266 0.693056 0.044531 0.047222
