2 0.887500 0.220833 0.104688 0.213889
1 0.060937 0.470139 0.121875 0.120833
4 0.061328 0.411111 0.122656 0.125000
4 0.060156 0.352083 0.120313 0.115278
4 0.058984 0.293750 0.117969 0.115278
1 0.668359 0.975694 0.263281 0.045833
1 0.672266 0.928472 0.491406 0.140278
1 0.601172 0.963194 0.346094 0.070833
2 0.741406 0.189583 0.328125 0.379167
2 0.776563 0.146528 0.239063 0.293056
1 0.239844 0.892361 0.378125 0.212500
1 0.356250 0.977083 0.079687 0.026389
0 0.227734 0.163194 0.035156 0.040278
1 0.461328 0.454167 0.146094 0.116667
3 0.396484 0.153472 0.160156 0.306944
1 0.504687 0.391667 0.217188 0.127778
