1 0.916797 0.425000 0.158594 0.077778
4 0.921484 0.390278 0.155469 0.080556
4 0.922656 0.351389 0.153125 0.077778
4 0.924219 0.296528 0.150000 0.109722
2 0.123047 0.763194 0.246094 0.470833
2 0.001563 0.676389 0.003125 0.077778
2 0.002734 0.578472 0.005469 0.012500
2 0.307031 0.904167 0.412500 0.188889
1 0.248828 0.497222 0.153906 0.108333
1 0.267578 0.428472 0.200781 0.093056
1 0.258984 0.459722 0.178906 0.108333
2 0.435156 0.555556 0.231250 0.380556
2 0.645312 0.683333 0.260937 0.366667
2 0.654297 0.384028 0.271094 0.418056
2 0.017969 0.902778 0.035937 0.191667
2 0.127344 0.923611 0.254688 0.150000
1 0.317578 0.505556 0.014844 0.038889
1 0.366797 0.361806 0.008594 0.029167
1 0.369531 0.392361 0.004687 0.031944
5 0.760156 0.217361 0.060937 0.026389
1 0.717969 0.563889 0.209375 0.100000
1 0.780469 0.519444 0.103125 0.122222
