1 0.983984 0.876389 0.030469 0.033333
4 0.987109 0.839583 0.024219 0.040278
4 0.994141 0.800694 0.010156 0.034722
4 0.985938 0.763194 0.026562 0.040278
2 0.109766 0.736111 0.219531 0.525000
2 0.304297 0.679167 0.586719 0.638889
2 0.369141 0.619444 0.310156 0.405556
2 0.144531 0.778472 0.282813 0.315278
2 0.058984 0.779167 0.117969 0.266667
2 0.065625 0.515278 0.123438 0.325000
2 0.764062 0.771528 0.118750 0.454167
2 0.854297 0.797222 0.214844 0.302778
2 0.073047 0.773611 0.146094 0.363889
2 0.077344 0.426389 0.154688 0.433333
2 0.149219 0.767361 0.295312 0.448611
2 0.514844 0.738194 0.453125 0.520833
1 0.838672 0.869444 0.033594 0.019444
5 0.886719 0.818750 0.065625 0.134722
1 0.892188 0.797222 0.195312 0.038889
1 0.888281 0.758333 0.198437 0.041667
