4 0.546484 0.405556 0.039844 0.008333
4 0.546094 0.371528 0.042188 0.068056
2 0.350000 0.915972 0.565625 0.165278
1 0.050000 0.819444 0.100000 0.172222
2 0.264062 0.777083 0.287500 0.443056
2 0.571094 0.748611 0.281250 0.441667
1 0.107422 0.732639 0.032031 0.162500
1 0.066016 0.782639 0.117969 0.176389
1 0.365625 0.563889 0.085938 0.083333
5 0.315625 0.408333 0.073438 0.236111
0 0.783203 0.114583 0.032031 0.043056
0 0.778516 0.220139 0.041406 0.037500
0 0.734766 0.222917 0.049219 0.034722
0 0.731250 0.404861 0.048438 0.037500
1 0.420312 0.633333 0.023438 0.100000
3 0.951172 0.315972 0.096094 0.356944
1 0.417578 0.586806 0.028906 0.115278
