2 0.388281 0.295833 0.085938 0.272222
2 0.205859 0.478472 0.252344 0.104167
2 0.092969 0.429167 0.185938 0.452778
2 0.008594 0.161806 0.017188 0.206944
2 0.444141 0.168056 0.136719 0.225000
2 0.554297 0.215972 0.253906 0.398611
2 0.631250 0.320833 0.189062 0.316667
2 0.680859 0.286806 0.147656 0.262500
2 0.629297 0.091667 0.183594 0.183333
2 0.680469 0.084722 0.140625 0.169444
2 0.425391 0.469444 0.338281 0.555556
2 0.555078 0.235417 0.150781 0.165278
2 0.482031 0.307639 0.184375 0.293056
2 0.553906 0.079861 0.148438 0.159722
2 0.390625 0.213194 0.207813 0.376389
2 0.191016 0.249306 0.375781 0.498611
