2 0.956641 0.736806 0.085156 0.179167
1 0.989453 0.943750 0.019531 0.054167
1 0.986719 0.979167 0.025000 0.038889
1 0.790625 0.875694 0.159375 0.101389
1 0.789844 0.913889 0.159375 0.086111
2 0.698438 0.738889 0.121875 0.188889
2 0.517578 0.970833 0.141406 0.055556
2 0.646094 0.977083 0.131250 0.043056
2 0.076953 0.954167 0.153906 0.088889
2 0.215625 0.927083 0.221875 0.143056
2 0.215234 0.773611 0.230469 0.327778
2 0.402344 0.990972 0.054688 0.015278
1 0.008203 0.931250 0.016406 0.029167
0 0.176953 0.496528 0.035156 0.037500
0 0.160938 0.649306 0.045312 0.065278
1 0.061328 0.970833 0.091406 0.055556
3 0.363281 0.604861 0.184375 0.312500
1 0.061328 0.941667 0.091406 0.072222
