3 0.167187 0.714583 0.334375 0.501389
1 0.720313 0.496528 0.487500 0.126389
1 0.719141 0.594444 0.508594 0.119444
1 0.720313 0.711111 0.487500 0.108333
1 0.775781 0.683333 0.231250 0.061111
1 0.563281 0.690972 0.003125 0.009722
4 0.569531 0.654861 0.118750 0.004167
2 0.088281 0.592361 0.092188 0.273611
1 0.067187 0.608333 0.046875 0.030556
1 0.080469 0.548611 0.071875 0.036111
1 0.079687 0.577083 0.070312 0.031944
2 0.157422 0.606250 0.175781 0.206944
2 0.293359 0.601389 0.186719 0.222222
2 0.157812 0.482639 0.176563 0.079167
2 0.296094 0.473611 0.181250 0.091667
1 0.144922 0.631250 0.028906 0.026389
1 0.143750 0.656250 0.029687 0.023611
1 0.141016 0.693056 0.033594 0.011111
1 0.058203 0.700694 0.028906 0.001389
1 0.056641 0.641667 0.027344 0.011111
1 0.060937 0.662500 0.017188 0.008333
1 0.332031 0.669444 0.098437 0.016667
5 0.457422 0.636111 0.044531 0.116667
0 0.807031 0.389583 0.023438 0.012500
0 0.783984 0.442361 0.002344 0.001389
1 0.370703 0.609722 0.153906 0.030556
1 0.371094 0.578472 0.162500 0.037500
