2 0.957422 0.564583 0.083594 0.173611
2 0.958984 0.406944 0.080469 0.169444
1 0.953906 0.706250 0.090625 0.068056
2 0.767578 0.542361 0.110156 0.104167
2 0.828516 0.867361 0.314844 0.262500
2 0.786328 0.815278 0.257031 0.366667
2 0.798828 0.479861 0.278906 0.481944
0 0.071094 0.300000 0.046875 0.052778
0 0.069531 0.435417 0.065625 0.037500
0 0.040234 0.439583 0.061719 0.040278
0 0.062109 0.686111 0.027344 0.052778
1 0.466797 0.915278 0.222656 0.125000
3 0.257812 0.504167 0.171875 0.411111
1 0.467578 0.816667 0.246094 0.183333
