4 0.796094 0.943750 0.003125 0.068056
4 0.802734 0.863889 0.008594 0.072222
4 0.830078 0.713889 0.057031 0.241667
2 0.017578 0.156944 0.035156 0.138889
2 0.053125 0.324306 0.106250 0.240278
2 0.107031 0.276389 0.145313 0.205556
2 0.099609 0.111806 0.153906 0.198611
1 0.391016 0.336806 0.007031 0.034722
2 0.154297 0.463889 0.039844 0.230556
2 0.107813 0.560417 0.215625 0.393056
2 0.057813 0.243056 0.114062 0.133333
2 0.006250 0.215972 0.012500 0.023611
2 0.005469 0.120833 0.010937 0.175000
1 0.462891 0.470139 0.144531 0.098611
1 0.490234 0.423611 0.158594 0.072222
1 0.649219 0.660417 0.173437 0.170833
5 0.877344 0.501389 0.050000 0.200000
0 0.971875 0.637500 0.054688 0.238889
1 0.279687 0.597222 0.229687 0.169444
1 0.279297 0.556250 0.217969 0.151389
