1 0.828906 0.552083 0.123438 0.023611
4 0.831641 0.518750 0.122656 0.034722
4 0.848047 0.485417 0.088281 0.034722
4 0.847656 0.454861 0.089063 0.037500
2 0.239844 0.362500 0.235937 0.500000
2 0.235156 0.306250 0.226562 0.304167
2 0.122266 0.479861 0.000781 0.006944
2 0.147656 0.097222 0.048438 0.061111
2 0.426953 0.418056 0.267969 0.344444
1 0.312500 0.472917 0.118750 0.018056
1 0.346094 0.447222 0.051562 0.002778
2 0.468359 0.464583 0.164844 0.215278
2 0.625000 0.458333 0.185938 0.233333
2 0.186719 0.260417 0.129688 0.348611
2 0.323828 0.236111 0.319531 0.430556
1 0.416797 0.559722 0.014844 0.008333
1 0.321875 0.530556 0.093750 0.016667
1 0.736719 0.537500 0.132812 0.025000
5 0.701562 0.543056 0.032813 0.038889
1 0.676562 0.469444 0.157812 0.033333
1 0.676953 0.436806 0.166406 0.040278
