4 0.696875 0.973611 0.190625 0.050000
4 0.696484 0.931944 0.191406 0.066667
4 0.695703 0.879861 0.189844 0.062500
1 0.039844 0.904861 0.003125 0.034722
2 0.021484 0.897917 0.042969 0.201389
2 0.018750 0.893056 0.037500 0.211111
2 0.023438 0.647222 0.046875 0.316667
1 0.139844 0.986806 0.154688 0.023611
1 0.126562 0.983333 0.134375 0.030556
1 0.126953 0.923611 0.132031 0.036111
1 0.133203 0.954861 0.146094 0.037500
1 0.428125 0.982639 0.154688 0.031944
5 0.605859 0.918056 0.086719 0.161111
0 0.986719 0.822917 0.025000 0.065278
0 0.969531 0.409722 0.059375 0.091667
1 0.164062 0.937500 0.160938 0.063889
1 0.164844 0.892361 0.150000 0.051389
