2 0.922656 0.362500 0.153125 0.388889
2 0.924219 0.295833 0.150000 0.538889
2 0.923047 0.122917 0.152344 0.245833
1 0.921875 0.671528 0.154688 0.229167
2 0.039062 0.074306 0.078125 0.148611
1 0.177344 0.532639 0.276562 0.073611
1 0.315625 0.505556 0.196875 0.033333
2 0.618750 0.422917 0.192188 0.265278
0 0.848437 0.201389 0.004687 0.005556
0 0.850781 0.334722 0.025000 0.005556
4 0.234375 0.482639 0.114062 0.026389
4 0.234375 0.456250 0.114062 0.029167
4 0.234375 0.429167 0.114062 0.033333
2 0.016406 0.418056 0.032813 0.155556
2 0.016016 0.310417 0.032031 0.087500
1 0.076953 0.493056 0.089844 0.005556
5 0.131641 0.454861 0.047656 0.081944
0 0.447266 0.240278 0.021094 0.030556
0 0.453125 0.399306 0.021875 0.023611
3 0.684766 0.359028 0.210156 0.343056
