2 0.024609 0.548611 0.049219 0.197222
2 0.002734 0.522917 0.005469 0.065278
0 0.023828 0.278472 0.039844 0.023611
2 0.100781 0.436806 0.125000 0.156944
2 0.127734 0.537500 0.169531 0.247222
2 0.217969 0.564583 0.132812 0.215278
2 0.264844 0.525000 0.112500 0.186111
2 0.263281 0.371528 0.125000 0.173611
2 0.072656 0.695833 0.145313 0.311111
1 0.537891 0.577778 0.060156 0.066667
2 0.491797 0.640278 0.128906 0.269444
2 0.450781 0.727083 0.159375 0.326389
2 0.445703 0.479861 0.171094 0.293056
2 0.228516 0.515278 0.039844 0.144444
2 0.080469 0.564583 0.073438 0.165278
2 0.184375 0.358333 0.121875 0.150000
2 0.111328 0.378472 0.146094 0.168056
2 0.056641 0.611111 0.113281 0.244444
2 0.010156 0.647222 0.020313 0.213889
1 0.706250 0.611111 0.025000 0.061111
1 0.706250 0.645139 0.025000 0.051389
1 0.705859 0.667361 0.024219 0.040278
1 0.917578 0.757639 0.142969 0.118056
1 0.622266 0.756250 0.130469 0.076389
1 0.623047 0.695139 0.142969 0.118056
