3 0.371094 0.882639 0.415625 0.231944
1 0.890234 0.289583 0.135156 0.054167
4 0.893750 0.259722 0.128125 0.055556
4 0.895703 0.228472 0.128906 0.054167
4 0.897656 0.190972 0.129688 0.068056
2 0.063281 0.565278 0.126562 0.397222
2 0.137109 0.673611 0.274219 0.469444
2 0.254297 0.338194 0.210156 0.306944
2 0.134766 0.369444 0.177344 0.272222
2 0.064844 0.325000 0.129688 0.191667
2 0.059766 0.127778 0.119531 0.208333
2 0.390234 0.504861 0.225781 0.359722
1 0.389844 0.270139 0.137500 0.054167
2 0.499609 0.300694 0.158594 0.234722
2 0.630469 0.344444 0.178125 0.261111
2 0.003906 0.366667 0.007812 0.044444
2 0.060937 0.407639 0.121875 0.218056
2 0.056250 0.202778 0.112500 0.286111
2 0.139063 0.490972 0.221875 0.348611
2 0.278516 0.578472 0.247656 0.406944
1 0.477734 0.294444 0.130469 0.075000
1 0.407813 0.281944 0.117188 0.052778
1 0.782813 0.281250 0.018750 0.031944
5 0.799219 0.178472 0.025000 0.159722
1 0.698438 0.306250 0.153125 0.068056
1 0.699219 0.281944 0.151562 0.061111
