2 0.262109 0.477083 0.524219 0.945833
2 0.091016 0.472917 0.182031 0.584722
2 0.014844 0.326389 0.029687 0.188889
2 0.086719 0.118056 0.173437 0.236111
2 0.650781 0.722222 0.696875 0.552778
1 0.532813 0.123611 0.257812 0.125000
2 0.771875 0.235417 0.339062 0.470833
2 0.939063 0.290278 0.120313 0.491667
2 0.780078 0.050694 0.328906 0.101389
2 0.108984 0.722917 0.217969 0.551389
2 0.250781 0.863889 0.501563 0.269444
1 0.701562 0.107639 0.165625 0.148611
1 0.681250 0.167361 0.214062 0.131944
1 0.499219 0.130556 0.103125 0.058333
1 0.932422 0.083333 0.133594 0.077778
