2 0.499609 0.499306 0.999219 0.998611
1 0.090234 0.470833 0.180469 0.133333
1 0.094922 0.599306 0.189844 0.140278
1 0.089844 0.722917 0.179688 0.165278
1 0.771875 0.475000 0.454688 0.116667
1 0.771484 0.581944 0.455469 0.108333
1 0.765625 0.686806 0.467187 0.134722
2 0.209766 0.526389 0.116406 0.183333
2 0.173437 0.513194 0.142187 0.204167
2 0.113672 0.518750 0.155469 0.295833
0 0.110156 0.306944 0.042188 0.022222
2 0.226953 0.455556 0.082031 0.166667
2 0.444141 0.425694 0.114844 0.237500
2 0.435937 0.535417 0.070312 0.018056
2 0.435156 0.535417 0.065625 0.018056
2 0.436719 0.284028 0.096875 0.084722
2 0.433203 0.305556 0.080469 0.041667
2 0.459766 0.520139 0.152344 0.287500
1 0.706641 0.478472 0.019531 0.026389
1 0.706250 0.499306 0.018750 0.020833
2 0.835156 0.463194 0.093750 0.093056
2 0.899219 0.448611 0.196875 0.125000
2 0.334766 0.536806 0.083594 0.173611
2 0.329688 0.532639 0.089063 0.201389
2 0.335156 0.370833 0.082812 0.175000
2 0.323828 0.340278 0.100781 0.205556
2 0.309375 0.427083 0.125000 0.237500
2 0.295703 0.396528 0.141406 0.293056
