1 0.678125 0.113889 0.062500 0.036111
4 0.678906 0.084028 0.060937 0.037500
4 0.680469 0.050694 0.060937 0.034722
4 0.658984 0.018750 0.105469 0.037500
2 0.127734 0.762500 0.255469 0.472222
2 0.409375 0.781944 0.431250 0.433333
2 0.214453 0.347917 0.311719 0.431944
2 0.044531 0.472222 0.089063 0.372222
2 0.043750 0.171528 0.087500 0.343056
2 0.498437 0.436806 0.279687 0.301389
1 0.181250 0.183333 0.185938 0.038889
2 0.358203 0.216667 0.191406 0.269444
2 0.555078 0.226389 0.182031 0.283333
2 0.355859 0.065278 0.194531 0.130556
2 0.012500 0.531250 0.025000 0.268056
2 0.155859 0.629861 0.311719 0.523611
2 0.466406 0.654167 0.337500 0.511111
1 0.296875 0.143056 0.051562 0.050000
1 0.315625 0.159028 0.015625 0.020833
1 0.485938 0.140972 0.020313 0.031944
5 0.494141 0.014583 0.005469 0.029167
0 0.897266 0.002083 0.035156 0.004167
1 0.571094 0.164583 0.151562 0.065278
1 0.571094 0.142361 0.151562 0.048611
